time,lat,lon,elevation,accuracy,bearing,speed
2014-03-16T18:16:56Z,42.411843,-71.063743,-15.300000,9.000000,68.000000,0.250000
2014-03-16T18:17:00Z,42.411855,-71.063777,-0.700000,17.000000,298.299988,0.500000
2014-03-16T18:17:03Z,42.411930,-71.063735,13.600000,17.000000,162.000000,0.500000
2014-03-16T18:17:06Z,42.411673,-71.063453,11.400000,63.000000,162.000000,0.500000
2014-03-16T18:17:08Z,42.411771,-71.063509,20.100000,16.000000,162.000000,0.500000
2014-03-16T18:17:12Z,42.411814,-71.063588,14.700000,22.000000,291.500000,0.750000
2014-03-16T18:17:13Z,42.411807,-71.063635,8.200000,11.000000,291.500000,0.500000
2014-03-16T18:17:15Z,42.411884,-71.063862,-4.700000,23.000000,291.500000,0.750000
2014-03-16T18:17:16Z,42.411875,-71.063870,-4.400000,26.000000,291.500000,0.750000
2014-03-16T18:17:18Z,42.411837,-71.063580,-7.600000,45.000000,291.500000,0.250000
2014-03-16T18:17:22Z,42.411859,-71.063650,13.100000,11.000000,293.799988,0.500000
2014-03-16T18:17:25Z,42.411881,-71.063854,0.000000,9.000000,313.100006,0.250000
2014-03-16T18:17:29Z,42.411771,-71.063615,-7.500000,14.000000,162.199997,0.750000
2014-03-16T18:17:33Z,42.411801,-71.063765,-25.900000,24.000000,0.000000,0.000000
2014-03-16T18:17:38Z,42.411922,-71.063776,-24.700001,29.000000,0.000000,0.000000
2014-03-16T18:17:38Z,42.411922,-71.063776,-24.700001,24.000000,0.000000,0.000000
2014-03-16T18:17:40Z,42.411922,-71.063777,-24.700001,22.000000,0.000000,0.000000
2014-03-16T18:17:41Z,42.411922,-71.063777,-24.700001,22.000000,0.000000,0.000000
2014-03-16T18:17:44Z,42.411919,-71.063774,-26.100000,25.000000,0.000000,0.000000
2014-03-16T18:17:47Z,42.411903,-71.063770,-27.500000,14.000000,0.000000,0.000000
2014-03-16T18:17:48Z,42.411899,-71.063769,-27.500000,12.000000,0.000000,0.000000
2014-03-16T18:17:50Z,42.411896,-71.063770,-28.100000,11.000000,0.000000,0.000000
2014-03-16T18:17:51Z,42.411894,-71.063771,-29.000000,11.000000,0.000000,0.000000
2014-03-16T18:17:53Z,42.411893,-71.063771,-29.000000,15.000000,0.000000,0.000000
2014-03-16T18:17:55Z,42.411893,-71.063771,-29.000000,22.000000,0.000000,0.000000
2014-03-16T18:17:57Z,42.411891,-71.063770,-29.500000,25.000000,0.000000,0.000000
2014-03-16T18:17:58Z,42.411891,-71.063771,-29.600000,24.000000,0.000000,0.000000
2014-03-16T18:17:59Z,42.411891,-71.063771,-29.700001,23.000000,0.000000,0.000000
2014-03-16T18:18:01Z,42.411891,-71.063770,-29.600000,15.000000,0.000000,0.000000
2014-03-16T18:18:02Z,42.411890,-71.063770,-29.700001,13.000000,0.000000,0.000000
2014-03-16T18:18:04Z,42.411890,-71.063770,-29.500000,8.000000,0.000000,0.000000
2014-03-16T18:18:05Z,42.411889,-71.063769,-29.400000,7.000000,0.000000,0.000000
2014-03-16T18:18:06Z,42.411889,-71.063769,-29.400000,6.000000,0.000000,0.000000
2014-03-16T18:18:07Z,42.411889,-71.063769,-29.400000,6.000000,0.000000,0.000000
2014-03-16T18:18:09Z,42.411889,-71.063768,-29.400000,7.000000,0.000000,0.000000
2014-03-16T18:18:10Z,42.411889,-71.063768,-29.400000,10.000000,0.000000,0.000000
2014-03-16T18:18:12Z,42.411889,-71.063768,-29.400000,14.000000,0.000000,0.000000
2014-03-16T18:18:14Z,42.411889,-71.063768,-29.400000,15.000000,0.000000,0.000000
2014-03-16T18:18:15Z,42.411889,-71.063768,-29.299999,10.000000,0.000000,0.000000
2014-03-16T18:18:16Z,42.411889,-71.063769,-29.299999,9.000000,0.000000,0.000000
2014-03-16T18:18:18Z,42.411889,-71.063769,-29.299999,9.000000,0.000000,0.000000
2014-03-16T18:18:19Z,42.411889,-71.063769,-29.299999,9.000000,0.000000,0.000000
2014-03-16T18:18:21Z,42.411889,-71.063769,-29.299999,14.000000,0.000000,0.000000
2014-03-16T18:18:23Z,42.411889,-71.063769,-29.299999,20.000000,0.000000,0.000000
2014-03-16T18:18:26Z,42.411889,-71.063769,-29.299999,22.000000,0.000000,0.000000
2014-03-16T18:18:27Z,42.411889,-71.063768,-29.299999,20.000000,0.000000,0.000000
2014-03-16T18:18:28Z,42.411889,-71.063768,-29.299999,20.000000,0.000000,0.000000
2014-03-16T18:18:30Z,42.411889,-71.063768,-29.299999,21.000000,0.000000,0.000000
2014-03-16T18:18:33Z,42.411889,-71.063768,-29.299999,11.000000,0.000000,0.000000
2014-03-16T18:18:34Z,42.411889,-71.063768,-29.299999,10.000000,0.000000,0.000000
2014-03-16T18:18:35Z,42.411889,-71.063768,-29.299999,9.000000,0.000000,0.000000
2014-03-16T18:18:36Z,42.411889,-71.063768,-29.299999,8.000000,0.000000,0.000000
2014-03-16T18:18:37Z,42.411889,-71.063768,-29.299999,7.000000,0.000000,0.000000
2014-03-16T18:18:39Z,42.411889,-71.063768,-29.299999,8.000000,0.000000,0.000000
2014-03-16T18:18:40Z,42.411889,-71.063768,-29.299999,9.000000,0.000000,0.000000
2014-03-16T18:18:42Z,42.411889,-71.063768,-29.299999,14.000000,0.000000,0.000000
2014-03-16T18:18:43Z,42.411889,-71.063768,-29.299999,20.000000,0.000000,0.000000
2014-03-16T18:18:45Z,42.411889,-71.063768,-29.299999,26.000000,0.000000,0.000000
2014-03-16T18:18:48Z,42.411889,-71.063768,-29.299999,26.000000,0.000000,0.000000
2014-03-16T18:18:48Z,42.411889,-71.063768,-29.299999,28.000000,0.000000,0.000000
2014-03-16T18:18:52Z,42.411890,-71.063759,-29.299999,25.000000,81.500000,0.750000
2014-03-16T18:18:53Z,42.411891,-71.063749,-29.299999,24.000000,81.599998,0.750000
2014-03-16T18:18:54Z,42.411892,-71.063736,-29.299999,28.000000,81.599998,0.750000
2014-03-16T18:18:57Z,42.411896,-71.063679,-29.000000,34.000000,82.699997,1.250000
2014-03-16T18:19:00Z,42.411941,-71.063508,-29.500000,35.000000,78.199997,3.250000
2014-03-16T18:19:03Z,42.412002,-71.063285,-27.600000,28.000000,72.099998,4.250000
2014-03-16T18:19:05Z,42.411974,-71.063155,-27.600000,33.000000,82.400002,3.750000
2014-03-16T18:19:07Z,42.411948,-71.063048,-27.600000,33.000000,88.800003,3.500000
2014-03-16T18:19:09Z,42.411931,-71.062950,-27.600000,41.000000,89.099998,3.500000
2014-03-16T18:19:12Z,42.411923,-71.062847,-25.200001,28.000000,90.900002,3.000000
2014-03-16T18:19:13Z,42.411923,-71.062836,-25.200001,24.000000,93.000000,2.750000
2014-03-16T18:19:14Z,42.411922,-71.062811,-25.200001,23.000000,95.500000,2.500000
2014-03-16T18:19:18Z,42.411656,-71.062955,-14.100000,13.000000,160.300003,4.000000
2014-03-16T18:19:20Z,42.411563,-71.062921,-14.500000,10.000000,164.699997,5.500000
2014-03-16T18:19:21Z,42.411504,-71.062907,-14.300000,9.000000,165.000000,5.750000
2014-03-16T18:19:22Z,42.411436,-71.062894,-14.600000,7.000000,165.800003,7.250000
2014-03-16T18:19:24Z,42.411302,-71.062866,-13.800000,6.000000,165.000000,8.000000
2014-03-16T18:19:26Z,42.411138,-71.062829,-14.100000,6.000000,165.500000,8.750000
2014-03-16T18:19:27Z,42.411051,-71.062782,-14.200000,6.000000,163.500000,9.000000
2014-03-16T18:19:27Z,42.410979,-71.062753,-14.200000,5.000000,163.500000,9.000000
2014-03-16T18:19:29Z,42.410865,-71.062708,-14.300000,6.000000,163.500000,9.000000
2014-03-16T18:19:31Z,42.410743,-71.062659,-14.300000,10.000000,163.399994,9.000000
2014-03-16T18:19:32Z,42.410638,-71.062652,-14.500000,8.000000,168.699997,9.250000
2014-03-16T18:19:33Z,42.410536,-71.062652,-15.200000,7.000000,168.100006,9.500000
2014-03-16T18:19:34Z,42.410466,-71.062607,-14.500000,7.000000,167.300003,9.500000
2014-03-16T18:19:35Z,42.410380,-71.062573,-13.600000,5.000000,169.600006,9.750000
2014-03-16T18:19:36Z,42.410275,-71.062547,-13.500000,5.000000,169.600006,9.750000
2014-03-16T18:19:39Z,42.410033,-71.062509,-13.700000,5.000000,172.899994,8.750000
2014-03-16T18:19:41Z,42.409833,-71.062476,-13.400000,7.000000,172.899994,8.750000
2014-03-16T18:19:44Z,42.409631,-71.062441,-13.400000,11.000000,172.800003,8.750000
2014-03-16T18:19:48Z,42.409205,-71.062354,-13.400000,15.000000,173.899994,10.000000
2014-03-16T18:19:50Z,42.409033,-71.062329,-13.500000,18.000000,173.899994,10.000000
2014-03-16T18:19:51Z,42.408900,-71.062310,-13.500000,22.000000,173.899994,10.000000
2014-03-16T18:19:55Z,42.408601,-71.062329,-13.300000,15.000000,175.100006,10.250000
2014-03-16T18:19:57Z,42.408443,-71.062310,-13.400000,15.000000,175.100006,10.250000
2014-03-16T18:19:58Z,42.408302,-71.062294,-13.400000,17.000000,175.100006,10.250000
2014-03-16T18:20:02Z,42.407985,-71.062212,-13.500000,9.000000,167.600006,9.750000
2014-03-16T18:20:04Z,42.407839,-71.062169,-13.700000,9.000000,167.699997,9.750000
2014-03-16T18:20:05Z,42.407711,-71.062131,-13.800000,11.000000,167.699997,9.750000
2014-03-16T18:20:08Z,42.407423,-71.062116,-14.000000,8.000000,173.300003,10.000000
2014-03-16T18:20:10Z,42.407263,-71.062090,-14.100000,10.000000,173.300003,10.000000
2014-03-16T18:20:13Z,42.407047,-71.062087,-14.700000,13.000000,176.600006,9.250000
2014-03-16T18:20:15Z,42.406893,-71.062097,-15.200000,15.000000,177.500000,9.750000
2014-03-16T18:20:17Z,42.406674,-71.062079,-14.400000,10.000000,176.800003,9.250000
2014-03-16T18:20:18Z,42.406626,-71.062064,-14.500000,8.000000,174.600006,8.750000
2014-03-16T18:20:19Z,42.406530,-71.062052,-14.600000,8.000000,174.600006,8.750000
2014-03-16T18:20:21Z,42.406431,-71.062050,-14.600000,8.000000,174.600006,7.500000
2014-03-16T18:20:23Z,42.406337,-71.062055,-12.700000,5.000000,175.100006,5.750000
2014-03-16T18:20:24Z,42.406279,-71.062049,-12.600000,5.000000,175.100006,5.750000
2014-03-16T18:20:27Z,42.406092,-71.062017,-12.500000,6.000000,172.800003,5.750000
2014-03-16T18:20:28Z,42.406010,-71.062003,-12.500000,8.000000,172.800003,5.750000
2014-03-16T18:20:30Z,42.405929,-71.061990,-12.500000,10.000000,172.800003,5.750000
2014-03-16T18:20:33Z,42.405929,-71.062003,-11.800000,9.000000,168.600006,1.750000
2014-03-16T18:20:35Z,42.405903,-71.061996,-11.800000,10.000000,168.600006,1.750000
2014-03-16T18:20:36Z,42.405880,-71.061989,-11.800000,10.000000,168.600006,1.750000
2014-03-16T18:20:39Z,42.405888,-71.061886,-14.500000,4.000000,133.100006,1.500000
2014-03-16T18:20:41Z,42.405868,-71.061856,-14.500000,6.000000,133.100006,1.500000
2014-03-16T18:20:44Z,42.405840,-71.061816,-13.200000,11.000000,133.100006,1.500000
2014-03-16T18:20:47Z,42.405884,-71.061683,-13.500000,11.000000,88.099998,1.500000
2014-03-16T18:20:49Z,42.405885,-71.061648,-13.500000,15.000000,88.099998,1.500000
2014-03-16T18:20:50Z,42.405885,-71.061621,-13.500000,20.000000,88.099998,1.500000
2014-03-16T18:20:53Z,42.405875,-71.061651,-13.900000,13.000000,0.000000,0.000000
2014-03-16T18:20:55Z,42.405875,-71.061651,-13.900000,14.000000,0.000000,0.000000
2014-03-16T18:20:56Z,42.405876,-71.061651,-13.700000,16.000000,0.000000,0.000000
2014-03-16T18:20:58Z,42.405876,-71.061651,-13.700000,18.000000,0.000000,0.000000
2014-03-16T18:21:00Z,42.405870,-71.061655,-13.800000,20.000000,0.000000,0.000000
2014-03-16T18:21:02Z,42.405865,-71.061662,-13.700000,15.000000,0.000000,0.000000
2014-03-16T18:21:03Z,42.405865,-71.061662,-13.700000,14.000000,0.000000,0.000000
2014-03-16T18:21:06Z,42.405878,-71.061665,-13.800000,9.000000,0.000000,0.000000
2014-03-16T18:21:07Z,42.405878,-71.061665,-13.800000,8.000000,0.000000,0.000000
2014-03-16T18:21:10Z,42.405887,-71.061666,-13.800000,6.000000,0.000000,0.000000
2014-03-16T18:21:11Z,42.405884,-71.061666,-13.800000,5.000000,0.000000,0.000000
2014-03-16T18:21:12Z,42.405884,-71.061666,-13.800000,4.000000,0.000000,0.000000
2014-03-16T18:21:13Z,42.405884,-71.061666,-13.800000,5.000000,0.000000,0.000000
2014-03-16T18:21:14Z,42.405878,-71.061668,-13.800000,6.000000,0.000000,0.000000
2014-03-16T18:21:16Z,42.405878,-71.061668,-13.800000,7.000000,0.000000,0.000000
2014-03-16T18:21:18Z,42.405879,-71.061669,-13.800000,8.000000,0.000000,0.000000
2014-03-16T18:21:19Z,42.405879,-71.061669,-13.800000,7.000000,0.000000,0.000000
2014-03-16T18:21:20Z,42.405879,-71.061669,-13.800000,9.000000,0.000000,0.000000
2014-03-16T18:21:22Z,42.405878,-71.061667,-13.800000,9.000000,0.000000,0.000000
2014-03-16T18:21:24Z,42.405874,-71.061664,-13.800000,7.000000,0.000000,0.000000
2014-03-16T18:21:25Z,42.405874,-71.061664,-13.800000,6.000000,0.000000,0.000000
2014-03-16T18:21:27Z,42.405875,-71.061664,-13.800000,7.000000,0.000000,0.000000
2014-03-16T18:21:29Z,42.405875,-71.061664,-13.800000,8.000000,0.000000,0.000000
2014-03-16T18:21:30Z,42.405875,-71.061664,-13.800000,10.000000,0.000000,0.000000
2014-03-16T18:21:32Z,42.405875,-71.061664,-13.800000,13.000000,0.000000,0.000000
2014-03-16T18:21:33Z,42.405875,-71.061664,-13.800000,14.000000,0.000000,0.000000
2014-03-16T18:21:35Z,42.405875,-71.061664,-13.800000,20.000000,0.000000,0.000000
2014-03-16T18:21:36Z,42.405877,-71.061666,-13.900000,13.000000,0.000000,0.000000
2014-03-16T18:21:38Z,42.405877,-71.061666,-13.900000,16.000000,0.000000,0.000000
2014-03-16T18:21:39Z,42.405877,-71.061666,-13.900000,19.000000,0.000000,0.000000
2014-03-16T18:21:41Z,42.405877,-71.061667,-13.900000,11.000000,0.000000,0.000000
2014-03-16T18:21:42Z,42.405877,-71.061667,-13.900000,15.000000,0.000000,0.000000
2014-03-16T18:21:44Z,42.405877,-71.061667,-13.900000,21.000000,0.000000,0.000000
2014-03-16T18:21:45Z,42.405880,-71.061667,-13.900000,22.000000,0.000000,0.000000
2014-03-16T18:21:48Z,42.405881,-71.061668,-13.800000,17.000000,0.000000,0.000000
2014-03-16T18:21:48Z,42.405884,-71.061669,-13.800000,14.000000,0.000000,0.000000
2014-03-16T18:21:50Z,42.405884,-71.061669,-13.800000,12.000000,0.000000,0.000000
2014-03-16T18:21:51Z,42.405886,-71.061670,-13.800000,11.000000,0.000000,0.000000
2014-03-16T18:21:53Z,42.405887,-71.061671,-13.800000,11.000000,0.000000,0.000000
2014-03-16T18:21:55Z,42.405888,-71.061671,-13.800000,10.000000,0.000000,0.000000
2014-03-16T18:21:57Z,42.405891,-71.061673,-13.700000,11.000000,0.000000,0.000000
2014-03-16T18:22:00Z,42.405892,-71.061674,-13.700000,14.000000,0.000000,0.000000
2014-03-16T18:22:02Z,42.405892,-71.061674,-13.700000,23.000000,0.000000,0.000000
2014-03-16T18:22:07Z,42.405895,-71.061674,-13.700000,29.000000,0.000000,0.000000
2014-03-16T18:22:07Z,42.405895,-71.061674,-13.700000,22.000000,0.000000,0.000000
2014-03-16T18:22:09Z,42.405895,-71.061674,-13.700000,20.000000,0.000000,0.000000
2014-03-16T18:22:11Z,42.405898,-71.061678,-13.700000,14.000000,322.100006,0.750000
2014-03-16T18:22:13Z,42.405922,-71.061785,-14.400000,13.000000,0.000000,0.000000
2014-03-16T18:22:14Z,42.405922,-71.061785,-14.400000,14.000000,0.000000,0.000000
2014-03-16T18:22:15Z,42.405922,-71.061785,-14.400000,16.000000,0.000000,0.000000
2014-03-16T18:22:17Z,42.405922,-71.061785,-14.400000,19.000000,0.000000,0.000000
2014-03-16T18:22:22Z,42.405921,-71.061784,-14.600000,37.000000,0.000000,0.000000
2014-03-16T18:22:25Z,42.405923,-71.061787,-14.700000,56.000000,0.000000,0.000000
2014-03-16T18:22:29Z,42.405923,-71.061787,-14.700000,94.000000,0.000000,0.000000
2014-03-16T18:22:35Z,42.406009,-71.061679,-14.600000,142.000000,0.000000,0.000000
2014-03-16T18:22:40Z,42.406014,-71.061674,-14.600000,127.000000,0.000000,0.000000
2014-03-16T18:22:44Z,42.406018,-71.061675,-14.600000,66.000000,0.000000,0.000000
2014-03-16T18:22:47Z,42.406019,-71.061676,-14.600000,50.000000,0.000000,0.000000
2014-03-16T18:22:50Z,42.406018,-71.061676,-14.600000,43.000000,0.000000,0.000000
2014-03-16T18:22:53Z,42.406018,-71.061676,-14.600000,59.000000,0.000000,0.000000
2014-03-16T18:22:57Z,42.406016,-71.061677,-14.600000,86.000000,0.000000,0.000000
2014-03-16T18:23:01Z,42.406016,-71.061679,-14.600000,56.000000,0.000000,0.000000
2014-03-16T18:23:04Z,42.406016,-71.061679,-14.600000,46.000000,0.000000,0.000000
2014-03-16T18:23:07Z,42.406016,-71.061679,-14.600000,43.000000,0.000000,0.000000
2014-03-16T18:23:11Z,42.406016,-71.061679,-14.600000,73.000000,0.000000,0.000000
2014-03-16T18:23:15Z,42.406016,-71.061680,-14.600000,81.000000,0.000000,0.000000
2014-03-16T18:23:19Z,42.406034,-71.061653,-14.000000,93.000000,0.000000,0.000000
2014-03-16T18:23:24Z,42.406034,-71.061657,-14.100000,95.000000,0.000000,0.000000
2014-03-16T18:23:28Z,42.406034,-71.061657,-14.100000,63.000000,0.000000,0.000000
2014-03-16T18:23:31Z,42.406034,-71.061657,-14.100000,54.000000,0.000000,0.000000
2014-03-16T18:23:35Z,42.406033,-71.061658,-14.000000,80.000000,0.000000,0.000000
2014-03-16T18:23:40Z,42.406033,-71.061659,-14.000000,94.000000,0.000000,0.000000
2014-03-16T18:23:44Z,42.406033,-71.061659,-14.000000,83.000000,0.000000,0.000000
2014-03-16T18:23:48Z,42.406032,-71.061659,-14.000000,87.000000,0.000000,0.000000
2014-03-16T18:23:52Z,42.406032,-71.061659,-14.000000,87.000000,0.000000,0.000000
2014-03-16T18:23:57Z,42.406031,-71.061659,-14.000000,87.000000,0.000000,0.000000
2014-03-16T18:24:03Z,42.406032,-71.061660,-14.000000,136.000000,0.000000,0.000000
2014-03-16T18:24:09Z,42.406030,-71.061661,-14.100000,102.000000,0.000000,0.000000
2014-03-16T18:24:14Z,42.406031,-71.061661,-14.000000,104.000000,0.000000,0.000000
2014-03-16T18:24:18Z,42.406031,-71.061661,-14.000000,70.000000,0.000000,0.000000
2014-03-16T18:24:23Z,42.406031,-71.061661,-14.000000,118.000000,0.000000,0.000000
2014-03-16T18:24:41Z,42.406031,-71.061660,-14.000000,137.000000,0.000000,0.000000
2014-03-16T18:24:45Z,42.406031,-71.061660,-14.000000,89.000000,0.000000,0.000000
2014-03-16T18:25:00Z,42.406032,-71.061660,-14.000000,127.000000,0.000000,0.000000
2014-03-16T18:25:05Z,42.406032,-71.061660,-14.000000,109.000000,0.000000,0.000000
2014-03-16T18:25:13Z,42.406033,-71.061659,-14.100000,111.000000,0.000000,0.000000
2014-03-16T18:25:16Z,42.406033,-71.061659,-14.100000,59.000000,0.000000,0.000000
2014-03-16T18:25:19Z,42.406033,-71.061659,-14.100000,41.000000,0.000000,0.000000
2014-03-16T18:25:35Z,42.406032,-71.061660,-14.100000,146.000000,0.000000,0.000000
2014-03-16T18:25:51Z,42.406031,-71.061660,-14.200000,127.000000,0.000000,0.000000
2014-03-16T18:25:55Z,42.406031,-71.061660,-14.200000,75.000000,0.000000,0.000000
2014-03-16T18:25:59Z,42.406031,-71.061660,-14.200000,83.000000,0.000000,0.000000
2014-03-16T18:26:10Z,42.406030,-71.061660,-14.200000,140.000000,0.000000,0.000000
2014-03-16T18:26:15Z,42.406030,-71.061660,-14.200000,112.000000,0.000000,0.000000
2014-03-16T18:26:20Z,42.406031,-71.061660,-14.200000,118.000000,0.000000,0.000000
2014-03-16T18:26:25Z,42.406031,-71.061660,-14.200000,104.000000,0.000000,0.000000
2014-03-16T18:26:29Z,42.406031,-71.061660,-14.200000,101.000000,0.000000,0.000000
2014-03-16T18:26:34Z,42.406031,-71.061660,-14.200000,108.000000,0.000000,0.000000
2014-03-16T18:26:40Z,42.406031,-71.061659,-14.200000,100.000000,0.000000,0.000000
2014-03-16T18:26:44Z,42.406031,-71.061659,-14.200000,67.000000,0.000000,0.000000
2014-03-16T18:26:49Z,42.406031,-71.061659,-14.200000,116.000000,0.000000,0.000000
2014-03-16T18:26:55Z,42.406030,-71.061659,-14.200000,109.000000,0.000000,0.000000
2014-03-16T18:26:59Z,42.406030,-71.061659,-14.200000,48.000000,0.000000,0.000000
2014-03-16T18:27:01Z,42.406030,-71.061659,-14.200000,37.000000,0.000000,0.000000
2014-03-16T18:27:04Z,42.406030,-71.061659,-14.200000,68.000000,0.000000,0.000000
2014-03-16T18:27:08Z,42.406030,-71.061660,-14.200000,67.000000,0.000000,0.000000
2014-03-16T18:27:11Z,42.406030,-71.061660,-14.200000,39.000000,0.000000,0.000000
2014-03-16T18:27:13Z,42.406030,-71.061660,-14.200000,31.000000,0.000000,0.000000
2014-03-16T18:27:13Z,42.406030,-71.061660,-14.200000,28.000000,0.000000,0.000000
2014-03-16T18:27:15Z,42.406030,-71.061660,-14.200000,28.000000,0.000000,0.000000
2014-03-16T18:27:18Z,42.406030,-71.061661,-14.200000,15.000000,0.000000,0.000000
2014-03-16T18:27:19Z,42.406026,-71.061665,-14.100000,15.000000,0.000000,0.000000
2014-03-16T18:27:20Z,42.406026,-71.061666,-14.100000,16.000000,0.000000,0.000000
2014-03-16T18:27:21Z,42.406026,-71.061666,-14.100000,14.000000,0.000000,0.000000
2014-03-16T18:27:22Z,42.406026,-71.061666,-14.100000,14.000000,0.000000,0.000000
2014-03-16T18:27:24Z,42.406026,-71.061666,-14.100000,14.000000,0.000000,0.000000
2014-03-16T18:27:26Z,42.406026,-71.061666,-14.100000,18.000000,0.000000,0.000000
2014-03-16T18:27:28Z,42.406026,-71.061666,-14.100000,19.000000,0.000000,0.000000
2014-03-16T18:27:29Z,42.406026,-71.061666,-14.100000,20.000000,0.000000,0.000000
2014-03-16T18:27:31Z,42.406026,-71.061666,-14.100000,21.000000,0.000000,0.000000
2014-03-16T18:27:35Z,42.406026,-71.061666,-14.100000,30.000000,0.000000,0.000000
2014-03-16T18:27:35Z,42.406026,-71.061666,-14.100000,27.000000,0.000000,0.000000
2014-03-16T18:27:37Z,42.406026,-71.061666,-14.100000,27.000000,0.000000,0.000000
2014-03-16T18:27:39Z,42.406026,-71.061666,-14.100000,27.000000,0.000000,0.000000
2014-03-16T18:27:44Z,42.406027,-71.061666,-14.100000,34.000000,0.000000,0.000000
2014-03-16T18:27:45Z,42.406027,-71.061666,-14.100000,29.000000,0.000000,0.000000
2014-03-16T18:27:47Z,42.406027,-71.061666,-14.100000,27.000000,0.000000,0.000000
2014-03-16T18:27:48Z,42.406027,-71.061666,-14.100000,23.000000,0.000000,0.000000
2014-03-16T18:27:49Z,42.406027,-71.061666,-14.100000,28.000000,0.000000,0.000000
2014-03-16T18:27:53Z,42.406027,-71.061666,-14.100000,32.000000,0.000000,0.000000
2014-03-16T18:27:55Z,42.406027,-71.061666,-14.100000,39.000000,0.000000,0.000000
2014-03-16T18:27:58Z,42.406027,-71.061666,-14.100000,44.000000,0.000000,0.000000
2014-03-16T18:28:01Z,42.406027,-71.061666,-14.100000,59.000000,0.000000,0.000000
2014-03-16T18:28:04Z,42.406027,-71.061666,-14.100000,43.000000,0.000000,0.000000
2014-03-16T18:28:07Z,42.406027,-71.061667,-14.100000,37.000000,0.000000,0.000000
2014-03-16T18:28:11Z,42.406027,-71.061667,-14.100000,52.000000,0.000000,0.000000
2014-03-16T18:28:14Z,42.406027,-71.061667,-14.100000,69.000000,0.000000,0.000000
2014-03-16T18:28:18Z,42.406027,-71.061667,-14.100000,94.000000,0.000000,0.000000
2014-03-16T18:28:23Z,42.406028,-71.061668,-14.000000,112.000000,0.000000,0.000000
2014-03-16T18:28:28Z,42.406028,-71.061668,-14.000000,99.000000,0.000000,0.000000
2014-03-16T18:28:32Z,42.406028,-71.061669,-14.000000,81.000000,0.000000,0.000000
2014-03-16T18:28:36Z,42.406028,-71.061669,-14.000000,92.000000,0.000000,0.000000
2014-03-16T18:28:42Z,42.406028,-71.061669,-14.000000,131.000000,0.000000,0.000000
2014-03-16T18:28:48Z,42.406028,-71.061669,-14.000000,129.000000,0.000000,0.000000
2014-03-16T18:28:52Z,42.406028,-71.061669,-14.000000,73.000000,0.000000,0.000000
2014-03-16T18:28:55Z,42.406028,-71.061669,-14.000000,49.000000,0.000000,0.000000
2014-03-16T18:28:57Z,42.406028,-71.061669,-14.000000,44.000000,0.000000,0.000000
2014-03-16T18:29:01Z,42.406028,-71.061669,-14.000000,84.000000,0.000000,0.000000
2014-03-16T18:29:06Z,42.406029,-71.061670,-14.000000,92.000000,0.000000,0.000000
2014-03-16T18:29:09Z,42.406029,-71.061670,-14.000000,65.000000,0.000000,0.000000
2014-03-16T18:29:12Z,42.406029,-71.061670,-14.000000,65.000000,0.000000,0.000000
2014-03-16T18:29:17Z,42.406029,-71.061671,-13.900000,105.000000,0.000000,0.000000
2014-03-16T18:29:22Z,42.406030,-71.061672,-13.900000,90.000000,0.000000,0.000000
2014-03-16T18:29:26Z,42.406030,-71.061672,-13.900000,59.000000,0.000000,0.000000
2014-03-16T18:29:37Z,42.406060,-71.061705,-12.600000,82.000000,0.000000,0.000000
2014-03-16T18:29:40Z,42.406062,-71.061706,-12.600000,64.000000,0.000000,0.000000
2014-03-16T18:29:43Z,42.406071,-71.061708,-12.500000,57.000000,0.000000,0.000000
2014-03-16T18:29:46Z,42.406078,-71.061711,-12.500000,51.000000,0.000000,0.000000
2014-03-16T18:29:49Z,42.406079,-71.061711,-12.500000,57.000000,0.000000,0.000000
2014-03-16T18:29:53Z,42.406078,-71.061712,-12.500000,82.000000,0.000000,0.000000
2014-03-16T18:29:58Z,42.406079,-71.061717,-12.400000,98.000000,0.000000,0.000000
2014-03-16T18:30:03Z,42.406082,-71.061721,-12.200000,106.000000,0.000000,0.000000
2014-03-16T18:30:07Z,42.406083,-71.061722,-12.200000,89.000000,0.000000,0.000000
2014-03-16T18:30:11Z,42.406084,-71.061723,-12.200000,91.000000,0.000000,0.000000
2014-03-16T18:30:16Z,42.406086,-71.061724,-12.200000,77.000000,0.000000,0.000000
2014-03-16T18:30:19Z,42.406085,-71.061726,-12.200000,48.000000,0.000000,0.000000
2014-03-16T18:30:22Z,42.406085,-71.061726,-12.200000,37.000000,0.000000,0.000000
2014-03-16T18:30:24Z,42.406085,-71.061726,-12.200000,33.000000,0.000000,0.000000
2014-03-16T18:30:27Z,42.406085,-71.061727,-12.200000,44.000000,0.000000,0.000000
2014-03-16T18:30:30Z,42.406086,-71.061727,-12.200000,49.000000,0.000000,0.000000
2014-03-16T18:30:33Z,42.406085,-71.061728,-12.200000,46.000000,0.000000,0.000000
2014-03-16T18:30:36Z,42.406086,-71.061728,-12.200000,47.000000,0.000000,0.000000
2014-03-16T18:30:39Z,42.406086,-71.061728,-12.200000,51.000000,0.000000,0.000000
2014-03-16T18:30:43Z,42.406086,-71.061728,-12.200000,50.000000,0.000000,0.000000
2014-03-16T18:30:46Z,42.406085,-71.061729,-12.200000,45.000000,0.000000,0.000000
2014-03-16T18:30:49Z,42.406085,-71.061729,-12.200000,56.000000,0.000000,0.000000
2014-03-16T18:30:52Z,42.406085,-71.061729,-12.200000,56.000000,0.000000,0.000000
2014-03-16T18:30:55Z,42.406085,-71.061730,-12.200000,53.000000,0.000000,0.000000
2014-03-16T18:30:58Z,42.406085,-71.061731,-12.200000,51.000000,0.000000,0.000000
2014-03-16T18:31:01Z,42.406085,-71.061732,-12.200000,57.000000,0.000000,0.000000
2014-03-16T18:31:04Z,42.406085,-71.061732,-12.200000,52.000000,0.000000,0.000000
2014-03-16T18:31:07Z,42.406085,-71.061732,-12.200000,51.000000,0.000000,0.000000
2014-03-16T18:31:11Z,42.406085,-71.061732,-12.200000,75.000000,0.000000,0.000000
2014-03-16T18:31:15Z,42.406085,-71.061733,-12.200000,68.000000,0.000000,0.000000
2014-03-16T18:31:18Z,42.406085,-71.061733,-12.200000,61.000000,0.000000,0.000000
2014-03-16T18:31:21Z,42.406085,-71.061734,-12.200000,66.000000,0.000000,0.000000
2014-03-16T18:31:25Z,42.406085,-71.061734,-12.200000,75.000000,0.000000,0.000000
2014-03-16T18:31:36Z,42.406104,-71.061760,-12.500000,61.000000,0.000000,0.000000
2014-03-16T18:31:38Z,42.406104,-71.061760,-12.500000,42.000000,0.000000,0.000000
2014-03-16T18:31:41Z,42.406101,-71.061764,-12.500000,33.000000,0.000000,0.000000
2014-03-16T18:31:44Z,42.406103,-71.061765,-12.500000,59.000000,0.000000,0.000000
2014-03-16T18:31:48Z,42.406102,-71.061767,-12.600000,92.000000,0.000000,0.000000
2014-03-16T18:31:52Z,42.406102,-71.061770,-12.500000,87.000000,0.000000,0.000000
2014-03-16T18:31:56Z,42.406103,-71.061774,-12.500000,67.000000,0.000000,0.000000
2014-03-16T18:31:59Z,42.406104,-71.061781,-12.500000,56.000000,0.000000,0.000000
2014-03-16T18:32:02Z,42.406104,-71.061782,-12.500000,52.000000,0.000000,0.000000
2014-03-16T18:32:06Z,42.406104,-71.061782,-12.500000,74.000000,0.000000,0.000000
2014-03-16T18:32:11Z,42.406106,-71.061782,-12.600000,119.000000,0.000000,0.000000
2014-03-16T18:32:16Z,42.406105,-71.061783,-12.600000,79.000000,0.000000,0.000000
2014-03-16T18:32:19Z,42.406105,-71.061783,-12.600000,54.000000,0.000000,0.000000
2014-03-16T18:32:22Z,42.406105,-71.061783,-12.600000,57.000000,0.000000,0.000000
2014-03-16T18:32:27Z,42.406105,-71.061783,-12.600000,100.000000,0.000000,0.000000
2014-03-16T18:32:32Z,42.406105,-71.061783,-12.600000,70.000000,0.000000,0.000000
2014-03-16T18:32:35Z,42.406105,-71.061784,-12.600000,36.000000,0.000000,0.000000
2014-03-16T18:32:37Z,42.406105,-71.061784,-12.600000,34.000000,0.000000,0.000000
2014-03-16T18:32:40Z,42.406105,-71.061784,-12.600000,49.000000,0.000000,0.000000
2014-03-16T18:32:43Z,42.406105,-71.061785,-12.900000,39.000000,0.000000,0.000000
2014-03-16T18:32:48Z,42.406105,-71.061785,-12.900000,54.000000,0.000000,0.000000
2014-03-16T18:32:51Z,42.406104,-71.061785,-12.900000,61.000000,0.000000,0.000000
2014-03-16T18:32:55Z,42.406104,-71.061787,-12.900000,60.000000,0.000000,0.000000
2014-03-16T18:32:58Z,42.406105,-71.061787,-12.900000,40.000000,0.000000,0.000000
2014-03-16T18:33:00Z,42.406105,-71.061787,-12.900000,37.000000,0.000000,0.000000
2014-03-16T18:33:03Z,42.406105,-71.061787,-12.900000,43.000000,0.000000,0.000000
2014-03-16T18:33:06Z,42.406104,-71.061787,-12.900000,62.000000,0.000000,0.000000
2014-03-16T18:33:10Z,42.406105,-71.061787,-12.900000,64.000000,0.000000,0.000000
2014-03-16T18:33:13Z,42.406105,-71.061787,-12.900000,48.000000,0.000000,0.000000
2014-03-16T18:33:15Z,42.406105,-71.061787,-12.900000,40.000000,0.000000,0.000000
2014-03-16T18:33:18Z,42.406104,-71.061787,-12.900000,49.000000,0.000000,0.000000
2014-03-16T18:33:21Z,42.406104,-71.061788,-12.900000,44.000000,0.000000,0.000000
2014-03-16T18:33:23Z,42.406104,-71.061788,-12.900000,39.000000,0.000000,0.000000
2014-03-16T18:33:26Z,42.406104,-71.061789,-12.900000,44.000000,0.000000,0.000000
2014-03-16T18:33:29Z,42.406104,-71.061789,-12.900000,43.000000,0.000000,0.000000
2014-03-16T18:33:32Z,42.406104,-71.061789,-12.900000,34.000000,0.000000,0.000000
2014-03-16T18:33:34Z,42.406104,-71.061789,-12.900000,32.000000,0.000000,0.000000
2014-03-16T18:33:37Z,42.406104,-71.061789,-12.900000,47.000000,0.000000,0.000000
2014-03-16T18:33:41Z,42.406104,-71.061789,-12.900000,71.000000,0.000000,0.000000
2014-03-16T18:33:45Z,42.406104,-71.061789,-12.900000,81.000000,0.000000,0.000000
2014-03-16T18:33:49Z,42.406104,-71.061789,-12.900000,40.000000,0.000000,0.000000
2014-03-16T18:33:51Z,42.406104,-71.061789,-12.900000,35.000000,0.000000,0.000000
2014-03-16T18:33:54Z,42.406104,-71.061789,-12.900000,56.000000,0.000000,0.000000
2014-03-16T18:33:58Z,42.406104,-71.061790,-12.900000,84.000000,0.000000,0.000000
2014-03-16T18:34:02Z,42.406104,-71.061790,-12.900000,92.000000,0.000000,0.000000
2014-03-16T18:34:06Z,42.406104,-71.061790,-12.900000,63.000000,0.000000,0.000000
2014-03-16T18:34:09Z,42.406104,-71.061790,-12.900000,47.000000,0.000000,0.000000
2014-03-16T18:34:12Z,42.406104,-71.061790,-12.900000,49.000000,0.000000,0.000000
2014-03-16T18:34:15Z,42.406104,-71.061790,-12.900000,52.000000,0.000000,0.000000
2014-03-16T18:34:18Z,42.406104,-71.061790,-12.900000,56.000000,0.000000,0.000000
2014-03-16T18:34:21Z,42.406104,-71.061791,-12.900000,45.000000,0.000000,0.000000
2014-03-16T18:34:24Z,42.406104,-71.061790,-12.900000,34.000000,0.000000,0.000000
2014-03-16T18:34:26Z,42.406104,-71.061790,-12.900000,33.000000,0.000000,0.000000
2014-03-16T18:34:29Z,42.406104,-71.061790,-12.900000,47.000000,0.000000,0.000000
2014-03-16T18:34:33Z,42.406104,-71.061790,-12.900000,71.000000,0.000000,0.000000
2014-03-16T18:34:38Z,42.406104,-71.061790,-12.900000,84.000000,0.000000,0.000000
2014-03-16T18:34:42Z,42.406104,-71.061790,-12.900000,72.000000,0.000000,0.000000
2014-03-16T18:34:46Z,42.406104,-71.061790,-12.900000,93.000000,0.000000,0.000000
2014-03-16T18:34:51Z,42.406104,-71.061790,-12.900000,128.000000,0.000000,0.000000
2014-03-16T18:34:57Z,42.406104,-71.061790,-12.900000,103.000000,0.000000,0.000000
2014-03-16T18:35:00Z,42.406104,-71.061790,-12.900000,64.000000,0.000000,0.000000
2014-03-16T18:35:03Z,42.406104,-71.061790,-12.900000,53.000000,0.000000,0.000000
2014-03-16T18:35:06Z,42.406104,-71.061790,-12.900000,53.000000,0.000000,0.000000
2014-03-16T18:35:09Z,42.406104,-71.061791,-12.900000,53.000000,0.000000,0.000000
2014-03-16T18:35:13Z,42.406104,-71.061791,-12.900000,82.000000,0.000000,0.000000
2014-03-16T18:35:17Z,42.406104,-71.061791,-12.900000,96.000000,0.000000,0.000000
2014-03-16T18:35:22Z,42.406104,-71.061791,-12.900000,107.000000,0.000000,0.000000
2014-03-16T18:35:27Z,42.406104,-71.061791,-12.900000,95.000000,0.000000,0.000000
2014-03-16T18:35:32Z,42.406104,-71.061791,-12.900000,77.000000,0.000000,0.000000
2014-03-16T18:35:36Z,42.406104,-71.061791,-12.900000,64.000000,0.000000,0.000000
2014-03-16T18:35:39Z,42.406104,-71.061791,-12.900000,64.000000,0.000000,0.000000
2014-03-16T18:35:43Z,42.406104,-71.061791,-12.900000,83.000000,0.000000,0.000000
2014-03-16T18:35:49Z,42.406104,-71.061791,-12.900000,140.000000,0.000000,0.000000
2014-03-16T18:36:02Z,42.406104,-71.061791,-12.900000,144.000000,0.000000,0.000000
2014-03-16T18:36:07Z,42.406104,-71.061791,-12.900000,84.000000,0.000000,0.000000
2014-03-16T18:36:12Z,42.406104,-71.061791,-12.900000,100.000000,0.000000,0.000000
2014-03-16T18:36:16Z,42.406105,-71.061791,-12.900000,81.000000,0.000000,0.000000
2014-03-16T18:36:20Z,42.406105,-71.061791,-12.900000,93.000000,0.000000,0.000000
2014-03-16T18:36:25Z,42.406105,-71.061791,-12.900000,118.000000,0.000000,0.000000
2014-03-16T18:36:31Z,42.406105,-71.061791,-12.900000,99.000000,0.000000,0.000000
2014-03-16T18:36:34Z,42.406105,-71.061791,-12.900000,60.000000,0.000000,0.000000
2014-03-16T18:36:37Z,42.406105,-71.061791,-12.900000,49.000000,0.000000,0.000000
2014-03-16T18:36:41Z,42.406105,-71.061791,-12.900000,87.000000,0.000000,0.000000
2014-03-16T18:36:55Z,42.406105,-71.061791,-12.900000,152.000000,0.000000,0.000000
2014-03-16T18:37:00Z,42.406105,-71.061791,-12.900000,106.000000,0.000000,0.000000
2014-03-16T18:37:09Z,42.406105,-71.061791,-12.900000,127.000000,0.000000,0.000000
2014-03-16T18:37:14Z,42.406105,-71.061791,-12.900000,88.000000,0.000000,0.000000
2014-03-16T18:37:19Z,42.406105,-71.061790,-12.900000,124.000000,0.000000,0.000000
2014-03-16T18:37:24Z,42.406105,-71.061791,-12.900000,116.000000,0.000000,0.000000
2014-03-16T18:37:28Z,42.406105,-71.061790,-12.900000,75.000000,0.000000,0.000000
2014-03-16T18:37:31Z,42.406105,-71.061790,-12.900000,43.000000,0.000000,0.000000
2014-03-16T18:37:33Z,42.406105,-71.061790,-12.900000,37.000000,0.000000,0.000000
2014-03-16T18:37:36Z,42.406105,-71.061790,-12.900000,59.000000,0.000000,0.000000
2014-03-16T18:37:40Z,42.406105,-71.061790,-12.900000,76.000000,0.000000,0.000000
2014-03-16T18:37:43Z,42.406105,-71.061791,-12.900000,59.000000,0.000000,0.000000
2014-03-16T18:37:46Z,42.406105,-71.061791,-12.900000,62.000000,0.000000,0.000000
2014-03-16T18:37:49Z,42.406105,-71.061791,-12.900000,71.000000,0.000000,0.000000
2014-03-16T18:37:52Z,42.406105,-71.061791,-12.900000,68.000000,0.000000,0.000000
2014-03-16T18:37:55Z,42.406105,-71.061791,-12.900000,58.000000,0.000000,0.000000
2014-03-16T18:37:59Z,42.406105,-71.061791,-12.900000,83.000000,0.000000,0.000000
2014-03-16T18:38:04Z,42.406105,-71.061791,-12.900000,116.000000,0.000000,0.000000
2014-03-16T18:38:09Z,42.406105,-71.061791,-12.900000,116.000000,0.000000,0.000000
2014-03-16T18:38:17Z,42.406105,-71.061791,-12.900000,134.000000,0.000000,0.000000
2014-03-16T18:38:22Z,42.406105,-71.061791,-12.900000,98.000000,0.000000,0.000000
2014-03-16T18:38:28Z,42.406105,-71.061791,-12.900000,136.000000,0.000000,0.000000
2014-03-16T18:38:33Z,42.406105,-71.061791,-12.900000,72.000000,0.000000,0.000000
2014-03-16T18:38:36Z,42.406105,-71.061791,-12.900000,32.000000,0.000000,0.000000
2014-03-16T18:38:37Z,42.406105,-71.061791,-12.900000,26.000000,0.000000,0.000000
2014-03-16T18:38:40Z,42.406105,-71.061791,-12.900000,43.000000,0.000000,0.000000
2014-03-16T18:38:43Z,42.406105,-71.061791,-12.900000,61.000000,0.000000,0.000000
2014-03-16T18:38:46Z,42.406105,-71.061791,-12.900000,66.000000,0.000000,0.000000
2014-03-16T18:38:50Z,42.406105,-71.061791,-12.900000,53.000000,0.000000,0.000000
2014-03-16T18:38:53Z,42.406105,-71.061791,-12.900000,34.000000,0.000000,0.000000
2014-03-16T18:38:53Z,42.406105,-71.061791,-12.900000,28.000000,0.000000,0.000000
2014-03-16T18:38:55Z,42.406105,-71.061791,-12.900000,26.000000,0.000000,0.000000
2014-03-16T18:38:57Z,42.406105,-71.061791,-12.900000,26.000000,0.000000,0.000000
2014-03-16T18:39:02Z,42.406105,-71.061791,-12.900000,28.000000,0.000000,0.000000
2014-03-16T18:39:03Z,42.406105,-71.061791,-12.900000,23.000000,0.000000,0.000000
2014-03-16T18:39:04Z,42.406105,-71.061791,-12.900000,21.000000,0.000000,0.000000
2014-03-16T18:39:05Z,42.406105,-71.061791,-12.900000,20.000000,0.000000,0.000000
2014-03-16T18:39:07Z,42.406105,-71.061791,-12.900000,19.000000,0.000000,0.000000
2014-03-16T18:39:12Z,42.406105,-71.061791,-12.900000,49.000000,0.000000,0.000000
2014-03-16T18:39:16Z,42.406105,-71.061791,-12.900000,74.000000,0.000000,0.000000
2014-03-16T18:39:19Z,42.406105,-71.061791,-12.900000,51.000000,0.000000,0.000000
2014-03-16T18:39:21Z,42.406105,-71.061791,-12.900000,46.000000,0.000000,0.000000
2014-03-16T18:39:24Z,42.406105,-71.061791,-12.900000,64.000000,0.000000,0.000000
2014-03-16T18:39:28Z,42.406105,-71.061792,-12.900000,63.000000,0.000000,0.000000
2014-03-16T18:39:31Z,42.406105,-71.061792,-12.900000,43.000000,0.000000,0.000000
2014-03-16T18:39:33Z,42.406105,-71.061792,-12.900000,38.000000,0.000000,0.000000
2014-03-16T18:39:36Z,42.406105,-71.061792,-12.900000,56.000000,0.000000,0.000000
2014-03-16T18:39:39Z,42.406105,-71.061791,-12.900000,72.000000,0.000000,0.000000
2014-03-16T18:39:43Z,42.406105,-71.061791,-12.900000,78.000000,0.000000,0.000000
2014-03-16T18:39:47Z,42.406105,-71.061791,-12.900000,67.000000,0.000000,0.000000
2014-03-16T18:39:52Z,42.406105,-71.061792,-12.900000,71.000000,0.000000,0.000000
2014-03-16T18:39:55Z,42.406105,-71.061792,-12.900000,42.000000,0.000000,0.000000
2014-03-16T18:39:57Z,42.406105,-71.061792,-12.900000,38.000000,0.000000,0.000000
2014-03-16T18:40:00Z,42.406105,-71.061792,-12.900000,47.000000,0.000000,0.000000
2014-03-16T18:40:03Z,42.406105,-71.061792,-12.900000,44.000000,0.000000,0.000000
2014-03-16T18:40:06Z,42.406105,-71.061792,-12.900000,46.000000,0.000000,0.000000
2014-03-16T18:40:09Z,42.406105,-71.061792,-12.900000,52.000000,0.000000,0.000000
2014-03-16T18:40:12Z,42.406105,-71.061792,-12.900000,57.000000,0.000000,0.000000
2014-03-16T18:40:15Z,42.406105,-71.061792,-12.900000,44.000000,0.000000,0.000000
2014-03-16T18:40:18Z,42.406105,-71.061792,-12.900000,72.000000,0.000000,0.000000
2014-03-16T18:40:22Z,42.406105,-71.061792,-12.900000,71.000000,0.000000,0.000000
2014-03-16T18:40:25Z,42.406106,-71.061792,-12.900000,51.000000,0.000000,0.000000
2014-03-16T18:40:28Z,42.406106,-71.061792,-12.900000,52.000000,0.000000,0.000000
2014-03-16T18:40:31Z,42.406106,-71.061792,-12.900000,65.000000,0.000000,0.000000
2014-03-16T18:40:35Z,42.406106,-71.061792,-12.900000,49.000000,0.000000,0.000000
2014-03-16T18:40:38Z,42.406106,-71.061792,-12.900000,31.000000,0.000000,0.000000
2014-03-16T18:40:39Z,42.406106,-71.061792,-12.900000,27.000000,0.000000,0.000000
2014-03-16T18:40:42Z,42.406106,-71.061792,-12.900000,44.000000,0.000000,0.000000
2014-03-16T18:40:45Z,42.406106,-71.061792,-12.900000,54.000000,0.000000,0.000000
2014-03-16T18:40:48Z,42.406106,-71.061792,-12.900000,48.000000,0.000000,0.000000
2014-03-16T18:40:50Z,42.406106,-71.061792,-12.900000,44.000000,0.000000,0.000000
2014-03-16T18:40:53Z,42.406106,-71.061792,-12.900000,59.000000,0.000000,0.000000
2014-03-16T18:40:57Z,42.406106,-71.061792,-12.900000,69.000000,0.000000,0.000000
2014-03-16T18:41:01Z,42.406106,-71.061793,-12.900000,66.000000,0.000000,0.000000
2014-03-16T18:41:06Z,42.406106,-71.061793,-12.900000,50.000000,0.000000,0.000000
2014-03-16T18:41:09Z,42.406106,-71.061793,-12.900000,52.000000,0.000000,0.000000
2014-03-16T18:41:11Z,42.406106,-71.061793,-12.900000,57.000000,0.000000,0.000000
2014-03-16T18:41:16Z,42.406106,-71.061793,-12.900000,70.000000,0.000000,0.000000
2014-03-16T18:41:19Z,42.406106,-71.061793,-12.900000,65.000000,0.000000,0.000000
2014-03-16T18:41:22Z,42.406106,-71.061793,-12.900000,59.000000,0.000000,0.000000
2014-03-16T18:41:26Z,42.406106,-71.061793,-12.900000,66.000000,0.000000,0.000000
2014-03-16T18:41:30Z,42.406106,-71.061793,-12.900000,79.000000,0.000000,0.000000
2014-03-16T18:41:34Z,42.406106,-71.061793,-12.900000,99.000000,0.000000,0.000000
2014-03-16T18:41:39Z,42.406106,-71.061793,-12.900000,102.000000,0.000000,0.000000
2014-03-16T18:41:43Z,42.406106,-71.061793,-12.900000,87.000000,0.000000,0.000000
2014-03-16T18:41:47Z,42.406106,-71.061793,-12.900000,87.000000,0.000000,0.000000
2014-03-16T18:41:51Z,42.406106,-71.061793,-12.900000,79.000000,0.000000,0.000000
2014-03-16T18:41:55Z,42.406106,-71.061793,-12.900000,93.000000,0.000000,0.000000
2014-03-16T18:41:59Z,42.406106,-71.061793,-12.900000,97.000000,0.000000,0.000000
2014-03-16T18:42:03Z,42.406106,-71.061793,-12.900000,63.000000,0.000000,0.000000
2014-03-16T18:42:06Z,42.406106,-71.061793,-12.900000,48.000000,0.000000,0.000000
2014-03-16T18:42:09Z,42.406106,-71.061793,-12.900000,54.000000,0.000000,0.000000
2014-03-16T18:42:12Z,42.406106,-71.061793,-12.900000,66.000000,0.000000,0.000000
2014-03-16T18:42:15Z,42.406106,-71.061793,-12.900000,50.000000,0.000000,0.000000
2014-03-16T18:42:18Z,42.406106,-71.061793,-12.900000,39.000000,0.000000,0.000000
2014-03-16T18:42:21Z,42.406106,-71.061793,-12.900000,47.000000,0.000000,0.000000
2014-03-16T18:42:25Z,42.406106,-71.061793,-12.900000,79.000000,0.000000,0.000000
2014-03-16T18:42:30Z,42.406106,-71.061793,-12.900000,117.000000,0.000000,0.000000
2014-03-16T18:42:36Z,42.406106,-71.061793,-12.900000,144.000000,0.000000,0.000000
2014-03-16T18:42:41Z,42.406106,-71.061793,-12.900000,114.000000,0.000000,0.000000
2014-03-16T18:42:48Z,42.406107,-71.061793,-12.900000,126.000000,0.000000,0.000000
2014-03-16T18:42:53Z,42.406107,-71.061793,-12.900000,80.000000,0.000000,0.000000
2014-03-16T18:42:58Z,42.406107,-71.061793,-12.900000,91.000000,0.000000,0.000000
2014-03-16T18:43:01Z,42.406107,-71.061793,-12.900000,65.000000,0.000000,0.000000
2014-03-16T18:43:12Z,42.406108,-71.061808,-13.000000,91.000000,0.000000,0.000000
2014-03-16T18:43:16Z,42.406108,-71.061808,-13.000000,77.000000,0.000000,0.000000
2014-03-16T18:43:20Z,42.406111,-71.061824,-13.000000,61.000000,0.000000,0.000000
2014-03-16T18:43:23Z,42.406115,-71.061825,-12.900000,61.000000,0.000000,0.000000
2014-03-16T18:43:27Z,42.406120,-71.061829,-12.900000,78.000000,0.000000,0.000000
2014-03-16T18:43:32Z,42.406120,-71.061832,-12.900000,104.000000,0.000000,0.000000
2014-03-16T18:43:38Z,42.406120,-71.061832,-12.900000,143.000000,0.000000,0.000000
2014-03-16T18:43:47Z,42.406120,-71.061832,-12.900000,128.000000,0.000000,0.000000
2014-03-16T18:43:51Z,42.406120,-71.061832,-12.900000,90.000000,0.000000,0.000000
2014-03-16T18:43:55Z,42.406120,-71.061832,-12.900000,75.000000,0.000000,0.000000
2014-03-16T18:43:59Z,42.406120,-71.061832,-12.900000,66.000000,0.000000,0.000000
2014-03-16T18:44:03Z,42.406121,-71.061831,-12.900000,76.000000,0.000000,0.000000
2014-03-16T18:44:07Z,42.406121,-71.061831,-12.900000,81.000000,0.000000,0.000000
2014-03-16T18:44:11Z,42.406121,-71.061831,-12.900000,71.000000,0.000000,0.000000
2014-03-16T18:44:14Z,42.406121,-71.061831,-12.900000,49.000000,0.000000,0.000000
2014-03-16T18:44:16Z,42.406121,-71.061831,-12.900000,41.000000,0.000000,0.000000
2014-03-16T18:44:19Z,42.406121,-71.061831,-12.900000,38.000000,0.000000,0.000000
2014-03-16T18:44:21Z,42.406121,-71.061831,-12.900000,41.000000,0.000000,0.000000
2014-03-16T18:44:23Z,42.406121,-71.061831,-12.900000,43.000000,0.000000,0.000000
2014-03-16T18:44:26Z,42.406121,-71.061831,-12.900000,48.000000,0.000000,0.000000
2014-03-16T18:44:29Z,42.406121,-71.061831,-12.900000,64.000000,0.000000,0.000000
2014-03-16T18:44:32Z,42.406121,-71.061832,-12.900000,53.000000,0.000000,0.000000
2014-03-16T18:44:35Z,42.406121,-71.061832,-12.900000,44.000000,0.000000,0.000000
2014-03-16T18:44:38Z,42.406121,-71.061832,-12.900000,40.000000,0.000000,0.000000
2014-03-16T18:44:40Z,42.406121,-71.061832,-12.900000,43.000000,0.000000,0.000000
2014-03-16T18:44:43Z,42.406121,-71.061832,-12.900000,60.000000,0.000000,0.000000
2014-03-16T18:44:47Z,42.406121,-71.061832,-12.900000,81.000000,0.000000,0.000000
2014-03-16T18:44:51Z,42.406121,-71.061832,-12.900000,72.000000,0.000000,0.000000
2014-03-16T18:44:54Z,42.406121,-71.061832,-12.900000,60.000000,0.000000,0.000000
2014-03-16T18:44:57Z,42.406121,-71.061832,-12.900000,62.000000,0.000000,0.000000
2014-03-16T18:45:02Z,42.406121,-71.061832,-12.900000,91.000000,0.000000,0.000000
2014-03-16T18:45:06Z,42.406121,-71.061832,-12.900000,97.000000,0.000000,0.000000
2014-03-16T18:45:10Z,42.406121,-71.061832,-12.900000,94.000000,0.000000,0.000000
2014-03-16T18:45:13Z,42.406121,-71.061832,-12.900000,69.000000,0.000000,0.000000
2014-03-16T18:45:16Z,42.406121,-71.061832,-12.900000,69.000000,0.000000,0.000000
2014-03-16T18:45:20Z,42.406121,-71.061832,-12.900000,67.000000,0.000000,0.000000
2014-03-16T18:45:23Z,42.406121,-71.061833,-12.900000,50.000000,0.000000,0.000000
2014-03-16T18:45:26Z,42.406121,-71.061833,-12.900000,38.000000,0.000000,0.000000
2014-03-16T18:45:29Z,42.406121,-71.061833,-12.900000,35.000000,0.000000,0.000000
2014-03-16T18:45:32Z,42.406121,-71.061833,-12.900000,43.000000,0.000000,0.000000
2014-03-16T18:45:35Z,42.406121,-71.061833,-12.900000,54.000000,0.000000,0.000000
2014-03-16T18:45:38Z,42.406121,-71.061833,-12.900000,54.000000,0.000000,0.000000
2014-03-16T18:45:42Z,42.406121,-71.061833,-12.900000,85.000000,0.000000,0.000000
2014-03-16T18:45:49Z,42.406121,-71.061833,-12.900000,131.000000,0.000000,0.000000
2014-03-16T18:45:54Z,42.406122,-71.061833,-12.900000,100.000000,0.000000,0.000000
2014-03-16T18:45:58Z,42.406122,-71.061833,-13.000000,68.000000,0.000000,0.000000
2014-03-16T18:46:02Z,42.406122,-71.061833,-13.000000,63.000000,0.000000,0.000000
2014-03-16T18:46:05Z,42.406122,-71.061833,-13.000000,63.000000,0.000000,0.000000
2014-03-16T18:46:08Z,42.406122,-71.061833,-13.000000,66.000000,0.000000,0.000000
2014-03-16T18:46:13Z,42.406122,-71.061833,-13.000000,122.000000,0.000000,0.000000
2014-03-16T18:46:25Z,42.406122,-71.061833,-13.000000,125.000000,0.000000,0.000000
2014-03-16T18:46:29Z,42.406122,-71.061833,-13.000000,76.000000,0.000000,0.000000
2014-03-16T18:46:37Z,42.406122,-71.061833,-13.000000,130.000000,0.000000,0.000000
2014-03-16T18:46:41Z,42.406122,-71.061833,-13.000000,81.000000,0.000000,0.000000
2014-03-16T18:46:46Z,42.406122,-71.061834,-13.000000,98.000000,0.000000,0.000000
2014-03-16T18:46:51Z,42.406122,-71.061834,-13.000000,120.000000,0.000000,0.000000
2014-03-16T18:46:55Z,42.406122,-71.061834,-13.000000,77.000000,0.000000,0.000000
2014-03-16T18:46:59Z,42.406122,-71.061834,-13.000000,57.000000,0.000000,0.000000
2014-03-16T18:47:02Z,42.406122,-71.061834,-13.000000,38.000000,0.000000,0.000000
2014-03-16T18:47:04Z,42.406122,-71.061834,-13.000000,36.000000,0.000000,0.000000
2014-03-16T18:47:07Z,42.406122,-71.061834,-13.000000,41.000000,0.000000,0.000000
2014-03-16T18:47:10Z,42.406122,-71.061834,-13.000000,40.000000,0.000000,0.000000
2014-03-16T18:47:14Z,42.406122,-71.061834,-13.000000,51.000000,0.000000,0.000000
2014-03-16T18:47:19Z,42.406122,-71.061834,-13.000000,72.000000,0.000000,0.000000
2014-03-16T18:47:23Z,42.406122,-71.061834,-13.000000,60.000000,0.000000,0.000000
2014-03-16T18:47:26Z,42.406122,-71.061834,-13.000000,37.000000,0.000000,0.000000
2014-03-16T18:47:28Z,42.406122,-71.061834,-13.000000,33.000000,0.000000,0.000000
2014-03-16T18:47:31Z,42.406122,-71.061834,-13.000000,47.000000,0.000000,0.000000
2014-03-16T18:47:34Z,42.406122,-71.061834,-13.000000,60.000000,0.000000,0.000000
2014-03-16T18:47:38Z,42.406122,-71.061834,-13.000000,73.000000,0.000000,0.000000
2014-03-16T18:47:41Z,42.406122,-71.061834,-13.000000,61.000000,0.000000,0.000000
2014-03-16T18:47:45Z,42.406122,-71.061834,-13.000000,76.000000,0.000000,0.000000
2014-03-16T18:47:50Z,42.406122,-71.061834,-13.000000,90.000000,0.000000,0.000000
2014-03-16T18:47:54Z,42.406122,-71.061834,-13.000000,58.000000,0.000000,0.000000
2014-03-16T18:47:57Z,42.406122,-71.061834,-13.000000,53.000000,0.000000,0.000000
2014-03-16T18:48:00Z,42.406122,-71.061834,-13.000000,58.000000,0.000000,0.000000
2014-03-16T18:48:03Z,42.406122,-71.061834,-13.000000,64.000000,0.000000,0.000000
2014-03-16T18:48:07Z,42.406122,-71.061834,-13.000000,94.000000,0.000000,0.000000
2014-03-16T18:48:11Z,42.406122,-71.061834,-13.000000,45.000000,0.000000,0.000000
2014-03-16T18:48:13Z,42.406122,-71.061834,-13.000000,40.000000,0.000000,0.000000
2014-03-16T18:48:16Z,42.406122,-71.061834,-13.000000,46.000000,0.000000,0.000000
2014-03-16T18:48:28Z,42.406126,-71.061838,-12.900000,44.000000,0.000000,0.000000
2014-03-16T18:48:30Z,42.406126,-71.061838,-12.900000,30.000000,0.000000,0.000000
2014-03-16T18:48:31Z,42.406126,-71.061838,-12.900000,24.000000,0.000000,0.000000
2014-03-16T18:48:32Z,42.406126,-71.061838,-12.900000,20.000000,0.000000,0.000000
2014-03-16T18:48:38Z,42.406128,-71.061842,-13.000000,38.000000,0.000000,0.000000
2014-03-16T18:48:40Z,42.406128,-71.061842,-13.000000,31.000000,0.000000,0.000000
2014-03-16T18:48:41Z,42.406128,-71.061842,-13.000000,26.000000,0.000000,0.000000
2014-03-16T18:48:42Z,42.406128,-71.061842,-13.000000,25.000000,0.000000,0.000000
2014-03-16T18:48:47Z,42.406129,-71.061842,-13.000000,51.000000,0.000000,0.000000
2014-03-16T18:48:50Z,42.406131,-71.061842,-13.000000,51.000000,0.000000,0.000000
2014-03-16T18:48:53Z,42.406132,-71.061842,-13.000000,62.000000,0.000000,0.000000
2014-03-16T18:48:58Z,42.406131,-71.061841,-13.000000,86.000000,0.000000,0.000000
2014-03-16T18:49:02Z,42.406131,-71.061841,-13.000000,85.000000,0.000000,0.000000
2014-03-16T18:49:07Z,42.406131,-71.061841,-13.000000,86.000000,0.000000,0.000000
2014-03-16T18:49:12Z,42.406132,-71.061841,-13.000000,40.000000,0.000000,0.000000
2014-03-16T18:49:15Z,42.406132,-71.061841,-13.000000,47.000000,0.000000,0.000000
2014-03-16T18:49:18Z,42.406132,-71.061841,-13.000000,62.000000,0.000000,0.000000
2014-03-16T18:49:23Z,42.406132,-71.061842,-13.000000,86.000000,0.000000,0.000000
2014-03-16T18:49:26Z,42.406132,-71.061842,-13.000000,62.000000,0.000000,0.000000
2014-03-16T18:49:29Z,42.406132,-71.061842,-13.000000,54.000000,0.000000,0.000000
2014-03-16T18:49:33Z,42.406132,-71.061843,-13.000000,79.000000,0.000000,0.000000
2014-03-16T18:49:38Z,42.406132,-71.061843,-13.000000,109.000000,0.000000,0.000000
2014-03-16T18:49:43Z,42.406132,-71.061843,-13.000000,93.000000,0.000000,0.000000
2014-03-16T18:49:49Z,42.406132,-71.061843,-13.000000,146.000000,0.000000,0.000000
2014-03-16T18:49:55Z,42.406132,-71.061843,-13.000000,145.000000,0.000000,0.000000
2014-03-16T18:49:57Z,42.406132,-71.061843,-13.000000,139.000000,0.000000,0.000000
2014-03-16T18:50:01Z,42.406132,-71.061843,-13.000000,85.000000,0.000000,0.000000
2014-03-16T18:50:05Z,42.406132,-71.061843,-13.000000,87.000000,0.000000,0.000000
2014-03-16T18:50:10Z,42.406132,-71.061843,-13.000000,126.000000,0.000000,0.000000
2014-03-16T18:50:21Z,42.406132,-71.061843,-13.000000,133.000000,0.000000,0.000000
2014-03-16T18:50:25Z,42.406132,-71.061843,-13.000000,67.000000,0.000000,0.000000
2014-03-16T18:50:28Z,42.406132,-71.061843,-13.000000,50.000000,0.000000,0.000000
2014-03-16T18:50:32Z,42.406132,-71.061843,-13.000000,74.000000,0.000000,0.000000
2014-03-16T18:50:36Z,42.406132,-71.061843,-13.000000,82.000000,0.000000,0.000000
2014-03-16T18:50:41Z,42.406132,-71.061843,-13.000000,78.000000,0.000000,0.000000
2014-03-16T18:50:44Z,42.406132,-71.061843,-13.000000,44.000000,0.000000,0.000000
2014-03-16T18:50:47Z,42.406132,-71.061843,-13.000000,31.000000,0.000000,0.000000
2014-03-16T18:50:50Z,42.406132,-71.061843,-13.000000,55.000000,0.000000,0.000000
2014-03-16T18:50:54Z,42.406132,-71.061843,-13.000000,76.000000,0.000000,0.000000
2014-03-16T18:50:59Z,42.406132,-71.061843,-13.000000,87.000000,0.000000,0.000000
2014-03-16T18:51:04Z,42.406132,-71.061843,-13.000000,107.000000,0.000000,0.000000
2014-03-16T18:51:08Z,42.406132,-71.061843,-13.000000,75.000000,0.000000,0.000000
2014-03-16T18:51:12Z,42.406132,-71.061843,-13.000000,77.000000,0.000000,0.000000
2014-03-16T18:51:16Z,42.406132,-71.061843,-13.000000,85.000000,0.000000,0.000000
2014-03-16T18:51:22Z,42.406132,-71.061843,-13.000000,142.000000,0.000000,0.000000
2014-03-16T18:51:28Z,42.406132,-71.061843,-13.000000,145.000000,0.000000,0.000000
2014-03-16T18:51:32Z,42.406132,-71.061843,-13.000000,98.000000,0.000000,0.000000
2014-03-16T18:51:35Z,42.406132,-71.061843,-13.000000,61.000000,0.000000,0.000000
2014-03-16T18:51:38Z,42.406132,-71.061843,-13.000000,37.000000,0.000000,0.000000
2014-03-16T18:51:41Z,42.406132,-71.061843,-13.000000,41.000000,0.000000,0.000000
2014-03-16T18:51:44Z,42.406132,-71.061843,-13.000000,46.000000,0.000000,0.000000
2014-03-16T18:51:47Z,42.406132,-71.061843,-13.000000,45.000000,0.000000,0.000000
2014-03-16T18:51:50Z,42.406132,-71.061843,-13.000000,50.000000,0.000000,0.000000
2014-03-16T18:51:54Z,42.406132,-71.061843,-13.000000,61.000000,0.000000,0.000000
2014-03-16T18:51:58Z,42.406132,-71.061844,-13.000000,70.000000,0.000000,0.000000
2014-03-16T18:52:02Z,42.406132,-71.061844,-13.000000,74.000000,0.000000,0.000000
2014-03-16T18:52:06Z,42.406132,-71.061844,-13.000000,75.000000,0.000000,0.000000
2014-03-16T18:52:10Z,42.406132,-71.061844,-13.000000,69.000000,0.000000,0.000000
2014-03-16T18:52:14Z,42.406132,-71.061844,-13.000000,43.000000,0.000000,0.000000
2014-03-16T18:52:16Z,42.406132,-71.061844,-13.000000,35.000000,0.000000,0.000000
2014-03-16T18:52:18Z,42.406132,-71.061844,-13.000000,39.000000,0.000000,0.000000
2014-03-16T18:52:21Z,42.406132,-71.061844,-13.000000,39.000000,0.000000,0.000000
2014-03-16T18:52:24Z,42.406132,-71.061844,-13.000000,45.000000,0.000000,0.000000
2014-03-16T18:52:27Z,42.406132,-71.061844,-13.000000,56.000000,0.000000,0.000000
2014-03-16T18:52:30Z,42.406132,-71.061844,-13.000000,71.000000,0.000000,0.000000
2014-03-16T18:52:34Z,42.406132,-71.061844,-13.000000,80.000000,0.000000,0.000000
2014-03-16T18:52:38Z,42.406132,-71.061844,-13.000000,88.000000,0.000000,0.000000
2014-03-16T18:52:42Z,42.406132,-71.061844,-13.000000,83.000000,0.000000,0.000000
2014-03-16T18:52:46Z,42.406132,-71.061844,-13.000000,64.000000,0.000000,0.000000
2014-03-16T18:52:50Z,42.406132,-71.061844,-13.000000,92.000000,0.000000,0.000000
2014-03-16T18:52:54Z,42.406132,-71.061844,-13.000000,89.000000,0.000000,0.000000
2014-03-16T18:52:58Z,42.406132,-71.061844,-13.000000,73.000000,0.000000,0.000000
2014-03-16T18:53:00Z,42.406132,-71.061844,-13.000000,70.000000,0.000000,0.000000
2014-03-16T18:53:04Z,42.406132,-71.061844,-13.000000,83.000000,0.000000,0.000000
2014-03-16T18:53:08Z,42.406133,-71.061844,-13.000000,63.000000,0.000000,0.000000
2014-03-16T18:53:12Z,42.406133,-71.061844,-13.000000,50.000000,0.000000,0.000000
2014-03-16T18:53:15Z,42.406133,-71.061844,-13.000000,29.000000,0.000000,0.000000
2014-03-16T18:53:16Z,42.406133,-71.061844,-13.000000,28.000000,0.000000,0.000000
2014-03-16T18:53:19Z,42.406133,-71.061844,-13.000000,36.000000,0.000000,0.000000
2014-03-16T18:53:21Z,42.406133,-71.061844,-13.000000,41.000000,0.000000,0.000000
2014-03-16T18:53:25Z,42.406133,-71.061844,-13.000000,39.000000,0.000000,0.000000
2014-03-16T18:53:28Z,42.406133,-71.061844,-13.000000,35.000000,0.000000,0.000000
2014-03-16T18:53:30Z,42.406133,-71.061844,-13.000000,33.000000,0.000000,0.000000
2014-03-16T18:53:34Z,42.406133,-71.061844,-13.000000,30.000000,0.000000,0.000000
2014-03-16T18:53:35Z,42.406133,-71.061844,-13.000000,25.000000,0.000000,0.000000
2014-03-16T18:53:36Z,42.406133,-71.061844,-13.000000,22.000000,0.000000,0.000000
2014-03-16T18:53:39Z,42.406133,-71.061844,-13.000000,20.000000,0.000000,0.000000
2014-03-16T18:53:40Z,42.406133,-71.061844,-13.000000,19.000000,0.000000,0.000000
2014-03-16T18:53:41Z,42.406133,-71.061844,-13.000000,21.000000,0.000000,0.000000
2014-03-16T18:53:43Z,42.406133,-71.061844,-13.000000,24.000000,0.000000,0.000000
2014-03-16T18:53:46Z,42.406133,-71.061844,-13.000000,26.000000,0.000000,0.000000
2014-03-16T18:53:49Z,42.406133,-71.061844,-13.000000,21.000000,0.000000,0.000000
2014-03-16T18:53:50Z,42.406133,-71.061844,-13.000000,20.000000,0.000000,0.000000
2014-03-16T18:53:51Z,42.406133,-71.061844,-13.000000,19.000000,0.000000,0.000000
2014-03-16T18:53:53Z,42.406133,-71.061844,-13.000000,16.000000,0.000000,0.000000
2014-03-16T18:53:54Z,42.406133,-71.061844,-13.000000,14.000000,0.000000,0.000000
2014-03-16T18:53:55Z,42.406133,-71.061844,-13.000000,14.000000,0.000000,0.000000
2014-03-16T18:53:57Z,42.406133,-71.061844,-13.000000,16.000000,0.000000,0.000000
2014-03-16T18:54:00Z,42.406133,-71.061844,-13.000000,28.000000,0.000000,0.000000
2014-03-16T18:54:03Z,42.406133,-71.061844,-13.000000,36.000000,0.000000,0.000000
2014-03-16T18:54:06Z,42.406133,-71.061844,-13.000000,36.000000,0.000000,0.000000
2014-03-16T18:54:08Z,42.406133,-71.061844,-13.000000,34.000000,0.000000,0.000000
2014-03-16T18:54:10Z,42.406133,-71.061845,-13.000000,33.000000,0.000000,0.000000
2014-03-16T18:54:12Z,42.406133,-71.061845,-13.000000,33.000000,0.000000,0.000000
2014-03-16T18:54:15Z,42.406133,-71.061845,-13.000000,41.000000,0.000000,0.000000
2014-03-16T18:54:18Z,42.406133,-71.061845,-13.000000,32.000000,0.000000,0.000000
2014-03-16T18:54:20Z,42.406133,-71.061845,-13.000000,33.000000,0.000000,0.000000
2014-03-16T18:54:22Z,42.406133,-71.061845,-13.000000,35.000000,0.000000,0.000000
2014-03-16T18:54:24Z,42.406133,-71.061845,-13.000000,37.000000,0.000000,0.000000
2014-03-16T18:54:28Z,42.406133,-71.061845,-13.000000,50.000000,0.000000,0.000000
2014-03-16T18:54:31Z,42.406133,-71.061845,-13.000000,57.000000,0.000000,0.000000
2014-03-16T18:54:34Z,42.406133,-71.061845,-13.000000,57.000000,0.000000,0.000000
2014-03-16T18:54:37Z,42.406134,-71.061845,-13.000000,64.000000,0.000000,0.000000
2014-03-16T18:54:40Z,42.406134,-71.061845,-13.000000,51.000000,0.000000,0.000000
2014-03-16T18:54:43Z,42.406134,-71.061845,-13.000000,40.000000,0.000000,0.000000
2014-03-16T18:54:45Z,42.406134,-71.061845,-13.000000,37.000000,0.000000,0.000000
2014-03-16T18:54:47Z,42.406134,-71.061845,-13.000000,42.000000,0.000000,0.000000
2014-03-16T18:54:51Z,42.406134,-71.061845,-13.000000,51.000000,0.000000,0.000000
2014-03-16T18:54:54Z,42.406134,-71.061845,-13.000000,43.000000,0.000000,0.000000
2014-03-16T18:54:57Z,42.406134,-71.061845,-13.000000,37.000000,0.000000,0.000000
2014-03-16T18:55:00Z,42.406134,-71.061845,-13.000000,33.000000,0.000000,0.000000
2014-03-16T18:55:02Z,42.406134,-71.061845,-13.000000,33.000000,0.000000,0.000000
2014-03-16T18:55:04Z,42.406134,-71.061845,-13.000000,33.000000,0.000000,0.000000
2014-03-16T18:55:06Z,42.406134,-71.061845,-13.000000,44.000000,0.000000,0.000000
2014-03-16T18:55:09Z,42.406134,-71.061845,-13.000000,52.000000,0.000000,0.000000
2014-03-16T18:55:12Z,42.406134,-71.061845,-13.000000,56.000000,0.000000,0.000000
2014-03-16T18:55:15Z,42.406134,-71.061845,-13.000000,48.000000,0.000000,0.000000
2014-03-16T18:55:18Z,42.406134,-71.061845,-13.000000,71.000000,0.000000,0.000000
2014-03-16T18:55:22Z,42.406134,-71.061846,-13.000000,67.000000,0.000000,0.000000
2014-03-16T18:55:25Z,42.406134,-71.061846,-13.000000,42.000000,0.000000,0.000000
2014-03-16T18:55:28Z,42.406134,-71.061846,-13.000000,34.000000,0.000000,0.000000
2014-03-16T18:55:30Z,42.406134,-71.061846,-13.000000,39.000000,0.000000,0.000000
2014-03-16T18:55:33Z,42.406135,-71.061846,-13.000000,33.000000,0.000000,0.000000
2014-03-16T18:55:35Z,42.406135,-71.061846,-13.000000,32.000000,0.000000,0.000000
2014-03-16T18:55:37Z,42.406135,-71.061846,-13.000000,33.000000,0.000000,0.000000
2014-03-16T18:55:39Z,42.406135,-71.061846,-13.000000,34.000000,0.000000,0.000000
2014-03-16T18:55:43Z,42.406135,-71.061846,-13.000000,47.000000,0.000000,0.000000
2014-03-16T18:55:46Z,42.406135,-71.061846,-13.000000,48.000000,0.000000,0.000000
2014-03-16T18:55:49Z,42.406135,-71.061846,-13.000000,56.000000,0.000000,0.000000
2014-03-16T18:55:53Z,42.406135,-71.061846,-13.000000,79.000000,0.000000,0.000000
2014-03-16T18:55:57Z,42.406134,-71.061846,-13.000000,67.000000,0.000000,0.000000
2014-03-16T18:56:00Z,42.406134,-71.061846,-13.000000,42.000000,0.000000,0.000000
2014-03-16T18:56:03Z,42.406134,-71.061846,-13.000000,31.000000,0.000000,0.000000
2014-03-16T18:56:04Z,42.406134,-71.061846,-13.000000,29.000000,0.000000,0.000000
2014-03-16T18:56:07Z,42.406134,-71.061846,-13.000000,40.000000,0.000000,0.000000
2014-03-16T18:56:10Z,42.406135,-71.061846,-13.000000,53.000000,0.000000,0.000000
2014-03-16T18:56:13Z,42.406135,-71.061846,-13.000000,57.000000,0.000000,0.000000
2014-03-16T18:56:16Z,42.406135,-71.061846,-13.000000,48.000000,0.000000,0.000000
2014-03-16T18:56:19Z,42.406134,-71.061846,-13.000000,50.000000,0.000000,0.000000
2014-03-16T18:56:22Z,42.406134,-71.061846,-13.000000,40.000000,0.000000,0.000000
2014-03-16T18:56:24Z,42.406134,-71.061846,-13.000000,39.000000,0.000000,0.000000
2014-03-16T18:56:26Z,42.406134,-71.061846,-13.000000,34.000000,0.000000,0.000000
2014-03-16T18:56:28Z,42.406134,-71.061846,-13.000000,34.000000,0.000000,0.000000
2014-03-16T18:56:31Z,42.406134,-71.061846,-13.000000,46.000000,0.000000,0.000000
2014-03-16T18:56:34Z,42.406134,-71.061846,-13.000000,52.000000,0.000000,0.000000
2014-03-16T18:56:37Z,42.406134,-71.061846,-13.000000,50.000000,0.000000,0.000000
2014-03-16T18:56:40Z,42.406135,-71.061846,-13.000000,41.000000,0.000000,0.000000
2014-03-16T18:56:43Z,42.406135,-71.061846,-13.000000,42.000000,0.000000,0.000000
2014-03-16T18:56:46Z,42.406135,-71.061846,-13.000000,38.000000,0.000000,0.000000
2014-03-16T18:56:49Z,42.406135,-71.061846,-13.000000,43.000000,0.000000,0.000000
2014-03-16T18:56:52Z,42.406135,-71.061846,-13.000000,51.000000,0.000000,0.000000
2014-03-16T18:56:55Z,42.406135,-71.061846,-13.000000,55.000000,0.000000,0.000000
2014-03-16T18:56:58Z,42.406135,-71.061846,-13.000000,56.000000,0.000000,0.000000
2014-03-16T18:57:01Z,42.406135,-71.061846,-13.000000,47.000000,0.000000,0.000000
2014-03-16T18:57:04Z,42.406135,-71.061846,-13.000000,47.000000,0.000000,0.000000
2014-03-16T18:57:07Z,42.406135,-71.061846,-13.000000,46.000000,0.000000,0.000000
2014-03-16T18:57:10Z,42.406135,-71.061846,-13.000000,55.000000,0.000000,0.000000
2014-03-16T18:57:13Z,42.406135,-71.061846,-13.000000,46.000000,0.000000,0.000000
2014-03-16T18:57:16Z,42.406135,-71.061846,-13.000000,30.000000,0.000000,0.000000
2014-03-16T18:57:17Z,42.406135,-71.061846,-13.000000,26.000000,0.000000,0.000000
2014-03-16T18:57:18Z,42.406135,-71.061846,-13.000000,25.000000,0.000000,0.000000
2014-03-16T18:57:20Z,42.406135,-71.061846,-13.000000,25.000000,0.000000,0.000000
2014-03-16T18:57:25Z,42.406135,-71.061846,-13.000000,29.000000,0.000000,0.000000
2014-03-16T18:57:26Z,42.406135,-71.061846,-13.000000,28.000000,0.000000,0.000000
2014-03-16T18:57:28Z,42.406135,-71.061846,-13.000000,28.000000,0.000000,0.000000
2014-03-16T18:57:29Z,42.406135,-71.061846,-13.000000,25.000000,0.000000,0.000000
2014-03-16T18:57:31Z,42.406135,-71.061846,-13.000000,29.000000,0.000000,0.000000
2014-03-16T18:57:35Z,42.406135,-71.061846,-13.000000,49.000000,0.000000,0.000000
2014-03-16T18:57:38Z,42.406135,-71.061846,-13.000000,63.000000,0.000000,0.000000
2014-03-16T18:57:42Z,42.406135,-71.061846,-13.000000,68.000000,0.000000,0.000000
2014-03-16T18:57:45Z,42.406135,-71.061846,-13.000000,70.000000,0.000000,0.000000
2014-03-16T18:57:49Z,42.406135,-71.061846,-13.000000,56.000000,0.000000,0.000000
2014-03-16T18:57:53Z,42.406135,-71.061846,-13.000000,59.000000,0.000000,0.000000
2014-03-16T18:57:57Z,42.406135,-71.061846,-13.000000,78.000000,0.000000,0.000000
2014-03-16T18:58:01Z,42.406135,-71.061846,-13.000000,98.000000,0.000000,0.000000
2014-03-16T18:58:05Z,42.406135,-71.061846,-13.000000,67.000000,0.000000,0.000000
2014-03-16T18:58:08Z,42.406135,-71.061846,-13.000000,59.000000,0.000000,0.000000
2014-03-16T18:58:11Z,42.406135,-71.061846,-13.000000,57.000000,0.000000,0.000000
2014-03-16T18:58:14Z,42.406135,-71.061846,-13.000000,61.000000,0.000000,0.000000
2014-03-16T18:58:18Z,42.406135,-71.061846,-13.000000,62.000000,0.000000,0.000000
2014-03-16T18:58:22Z,42.406135,-71.061846,-13.000000,81.000000,0.000000,0.000000
2014-03-16T18:58:26Z,42.406135,-71.061846,-13.000000,58.000000,0.000000,0.000000
2014-03-16T18:58:29Z,42.406135,-71.061846,-13.000000,61.000000,0.000000,0.000000
2014-03-16T18:58:33Z,42.406135,-71.061846,-13.000000,81.000000,0.000000,0.000000
2014-03-16T18:58:38Z,42.406135,-71.061846,-13.000000,115.000000,0.000000,0.000000
2014-03-16T18:58:44Z,42.406135,-71.061846,-13.000000,117.000000,0.000000,0.000000
2014-03-16T18:58:49Z,42.406135,-71.061846,-13.000000,79.000000,0.000000,0.000000
2014-03-16T18:58:52Z,42.406135,-71.061846,-13.000000,31.000000,0.000000,0.000000
2014-03-16T18:58:53Z,42.406135,-71.061846,-13.000000,26.000000,0.000000,0.000000
2014-03-16T18:58:54Z,42.406135,-71.061846,-13.000000,26.000000,0.000000,0.000000
2014-03-16T18:58:56Z,42.406135,-71.061846,-13.000000,26.000000,0.000000,0.000000
2014-03-16T18:59:00Z,42.406136,-71.061846,-13.000000,50.000000,0.000000,0.000000
2014-03-16T18:59:04Z,42.406136,-71.061846,-13.000000,69.000000,0.000000,0.000000
2014-03-16T18:59:07Z,42.406136,-71.061846,-13.000000,68.000000,0.000000,0.000000
2014-03-16T18:59:10Z,42.406136,-71.061846,-13.000000,61.000000,0.000000,0.000000
2014-03-16T18:59:13Z,42.406136,-71.061846,-13.000000,43.000000,0.000000,0.000000
2014-03-16T18:59:15Z,42.406136,-71.061846,-13.000000,38.000000,0.000000,0.000000
2014-03-16T18:59:17Z,42.406136,-71.061846,-13.000000,36.000000,0.000000,0.000000
2014-03-16T18:59:20Z,42.406136,-71.061846,-13.000000,33.000000,0.000000,0.000000
2014-03-16T18:59:22Z,42.406136,-71.061846,-13.000000,34.000000,0.000000,0.000000
2014-03-16T18:59:24Z,42.406136,-71.061846,-13.000000,33.000000,0.000000,0.000000
2014-03-16T18:59:26Z,42.406136,-71.061846,-13.000000,32.000000,0.000000,0.000000
2014-03-16T18:59:28Z,42.406136,-71.061846,-13.000000,43.000000,0.000000,0.000000
2014-03-16T18:59:31Z,42.406136,-71.061846,-13.000000,40.000000,0.000000,0.000000
2014-03-16T18:59:33Z,42.406136,-71.061846,-13.000000,31.000000,0.000000,0.000000
2014-03-16T18:59:33Z,42.406136,-71.061846,-13.000000,27.000000,0.000000,0.000000
2014-03-16T18:59:35Z,42.406136,-71.061846,-13.000000,25.000000,0.000000,0.000000
2014-03-16T18:59:40Z,42.406136,-71.061846,-13.000000,29.000000,0.000000,0.000000
2014-03-16T18:59:41Z,42.406136,-71.061846,-13.000000,25.000000,0.000000,0.000000
2014-03-16T18:59:42Z,42.406136,-71.061846,-13.000000,24.000000,0.000000,0.000000
2014-03-16T18:59:44Z,42.406136,-71.061846,-13.000000,23.000000,0.000000,0.000000
2014-03-16T18:59:48Z,42.406136,-71.061846,-13.000000,31.000000,0.000000,0.000000
2014-03-16T18:59:49Z,42.406136,-71.061847,-13.000000,26.000000,0.000000,0.000000
2014-03-16T18:59:51Z,42.406137,-71.061847,-13.000000,22.000000,0.000000,0.000000
2014-03-16T18:59:52Z,42.406137,-71.061847,-13.000000,19.000000,0.000000,0.000000
2014-03-16T18:59:54Z,42.406137,-71.061847,-13.000000,16.000000,0.000000,0.000000
2014-03-16T18:59:55Z,42.406137,-71.061847,-13.000000,15.000000,0.000000,0.000000
2014-03-16T18:59:56Z,42.406137,-71.061847,-13.000000,14.000000,0.000000,0.000000
2014-03-16T18:59:57Z,42.406137,-71.061847,-13.000000,13.000000,0.000000,0.000000
2014-03-16T18:59:58Z,42.406137,-71.061847,-13.000000,13.000000,0.000000,0.000000
2014-03-16T19:00:00Z,42.406137,-71.061847,-13.000000,12.000000,0.000000,0.000000
2014-03-16T19:00:01Z,42.406137,-71.061847,-13.000000,11.000000,0.000000,0.000000
2014-03-16T19:00:02Z,42.406137,-71.061847,-13.000000,10.000000,0.000000,0.000000
2014-03-16T19:00:03Z,42.406137,-71.061847,-13.000000,10.000000,0.000000,0.000000
2014-03-16T19:00:04Z,42.406137,-71.061847,-13.000000,10.000000,0.000000,0.000000
2014-03-16T19:00:05Z,42.406138,-71.061847,-13.000000,10.000000,0.000000,0.000000
2014-03-16T19:00:07Z,42.406137,-71.061847,-13.000000,8.000000,0.000000,0.000000
2014-03-16T19:00:08Z,42.406138,-71.061847,-13.000000,8.000000,0.000000,0.000000
2014-03-16T19:00:09Z,42.406138,-71.061847,-13.000000,8.000000,0.000000,0.000000
2014-03-16T19:00:11Z,42.406138,-71.061848,-13.000000,8.000000,0.000000,0.000000
2014-03-16T19:00:12Z,42.406138,-71.061848,-13.000000,8.000000,0.000000,0.000000
2014-03-16T19:00:13Z,42.406138,-71.061848,-13.000000,8.000000,0.000000,0.000000
2014-03-16T19:00:15Z,42.406138,-71.061848,-13.000000,8.000000,0.000000,0.000000
2014-03-16T19:00:16Z,42.406138,-71.061848,-13.000000,8.000000,0.000000,0.000000
2014-03-16T19:00:18Z,42.406138,-71.061848,-13.000000,8.000000,0.000000,0.000000
2014-03-16T19:00:19Z,42.406138,-71.061848,-13.000000,9.000000,0.000000,0.000000
2014-03-16T19:00:21Z,42.406138,-71.061848,-13.000000,8.000000,0.000000,0.000000
2014-03-16T19:00:22Z,42.406138,-71.061848,-13.000000,8.000000,0.000000,0.000000
2014-03-16T19:00:24Z,42.406138,-71.061848,-13.000000,9.000000,0.000000,0.000000
2014-03-16T19:00:25Z,42.406139,-71.061848,-13.000000,8.000000,0.000000,0.000000
2014-03-16T19:00:26Z,42.406139,-71.061848,-13.000000,8.000000,0.000000,0.000000
2014-03-16T19:00:27Z,42.406139,-71.061849,-13.000000,8.000000,0.000000,0.000000
2014-03-16T19:00:29Z,42.406139,-71.061849,-13.000000,8.000000,0.000000,0.000000
2014-03-16T19:00:31Z,42.406139,-71.061849,-13.000000,8.000000,0.000000,0.000000
2014-03-16T19:00:33Z,42.406139,-71.061849,-13.000000,6.000000,0.000000,0.000000
2014-03-16T19:00:34Z,42.406139,-71.061850,-13.000000,6.000000,0.000000,0.000000
2014-03-16T19:00:35Z,42.406139,-71.061850,-13.000000,7.000000,0.000000,0.000000
2014-03-16T19:00:37Z,42.406140,-71.061850,-13.000000,7.000000,0.000000,0.000000
2014-03-16T19:00:38Z,42.406140,-71.061850,-13.000000,7.000000,0.000000,0.000000
2014-03-16T19:00:40Z,42.406140,-71.061850,-13.000000,6.000000,0.000000,0.000000
2014-03-16T19:00:42Z,42.406140,-71.061850,-13.000000,6.000000,0.000000,0.000000
2014-03-16T19:00:43Z,42.406140,-71.061851,-13.000000,6.000000,0.000000,0.000000
2014-03-16T19:00:45Z,42.406140,-71.061851,-13.000000,6.000000,0.000000,0.000000
2014-03-16T19:00:46Z,42.406140,-71.061851,-13.000000,6.000000,0.000000,0.000000
2014-03-16T19:00:47Z,42.406140,-71.061851,-13.000000,6.000000,0.000000,0.000000
2014-03-16T19:00:49Z,42.406140,-71.061851,-13.000000,6.000000,0.000000,0.000000
2014-03-16T19:00:51Z,42.406140,-71.061851,-13.000000,6.000000,0.000000,0.000000
2014-03-16T19:00:52Z,42.406140,-71.061851,-13.000000,9.000000,0.000000,0.000000
2014-03-16T19:00:54Z,42.406140,-71.061852,-13.000000,6.000000,0.000000,0.000000
2014-03-16T19:00:55Z,42.406140,-71.061852,-13.000000,6.000000,0.000000,0.000000
2014-03-16T19:00:57Z,42.406140,-71.061852,-13.000000,6.000000,0.000000,0.000000
2014-03-16T19:00:58Z,42.406140,-71.061852,-13.000000,6.000000,0.000000,0.000000
2014-03-16T19:01:00Z,42.406140,-71.061852,-13.000000,6.000000,0.000000,0.000000
2014-03-16T19:01:02Z,42.406141,-71.061852,-13.000000,6.000000,0.000000,0.000000
2014-03-16T19:01:04Z,42.406141,-71.061852,-13.000000,7.000000,0.000000,0.000000
2014-03-16T19:01:06Z,42.406141,-71.061852,-13.000000,6.000000,0.000000,0.000000
2014-03-16T19:01:07Z,42.406141,-71.061852,-13.000000,6.000000,0.000000,0.000000
2014-03-16T19:01:09Z,42.406141,-71.061853,-13.000000,6.000000,0.000000,0.000000
2014-03-16T19:01:11Z,42.406141,-71.061853,-13.000000,6.000000,0.000000,0.000000
2014-03-16T19:01:13Z,42.406141,-71.061853,-13.000000,6.000000,0.000000,0.000000
2014-03-16T19:01:14Z,42.406141,-71.061853,-13.000000,7.000000,0.000000,0.000000
2014-03-16T19:01:15Z,42.406141,-71.061854,-13.000000,7.000000,0.000000,0.000000
2014-03-16T19:01:16Z,42.406141,-71.061854,-13.000000,6.000000,0.000000,0.000000
2014-03-16T19:01:17Z,42.406141,-71.061854,-13.000000,7.000000,0.000000,0.000000
2014-03-16T19:01:19Z,42.406141,-71.061854,-13.000000,9.000000,0.000000,0.000000
2014-03-16T19:01:22Z,42.406141,-71.061854,-13.000000,21.000000,0.000000,0.000000
2014-03-16T19:01:24Z,42.406141,-71.061854,-13.000000,20.000000,0.000000,0.000000
2014-03-16T19:01:25Z,42.406141,-71.061854,-13.000000,19.000000,0.000000,0.000000
2014-03-16T19:01:26Z,42.406141,-71.061854,-13.000000,19.000000,0.000000,0.000000
2014-03-16T19:01:28Z,42.406141,-71.061854,-13.000000,20.000000,0.000000,0.000000
2014-03-16T19:01:32Z,42.406141,-71.061854,-13.000000,44.000000,0.000000,0.000000
2014-03-16T19:01:36Z,42.406141,-71.061854,-13.000000,80.000000,0.000000,0.000000
2014-03-16T19:01:40Z,42.406141,-71.061854,-13.000000,93.000000,0.000000,0.000000
2014-03-16T19:01:45Z,42.406141,-71.061854,-13.000000,122.000000,0.000000,0.000000
2014-03-16T19:01:48Z,42.406141,-71.061854,-13.000000,60.000000,0.000000,0.000000
2014-03-16T19:01:50Z,42.406141,-71.061854,-13.000000,45.000000,0.000000,0.000000
2014-03-16T19:01:53Z,42.406141,-71.061854,-13.000000,40.000000,0.000000,0.000000
2014-03-16T19:01:55Z,42.406141,-71.061854,-13.000000,46.000000,0.000000,0.000000
2014-03-16T19:01:58Z,42.406142,-71.061854,-13.000000,50.000000,0.000000,0.000000
2014-03-16T19:02:01Z,42.406142,-71.061854,-13.000000,51.000000,0.000000,0.000000
2014-03-16T19:02:04Z,42.406142,-71.061854,-13.000000,37.000000,0.000000,0.000000
2014-03-16T19:02:07Z,42.406142,-71.061854,-13.000000,32.000000,0.000000,0.000000
2014-03-16T19:02:09Z,42.406142,-71.061854,-13.000000,38.000000,0.000000,0.000000
2014-03-16T19:02:12Z,42.406142,-71.061854,-13.000000,52.000000,0.000000,0.000000
2014-03-16T19:02:16Z,42.406142,-71.061854,-13.000000,80.000000,0.000000,0.000000
2014-03-16T19:02:21Z,42.406142,-71.061854,-13.000000,120.000000,0.000000,0.000000
2014-03-16T19:02:27Z,42.406142,-71.061854,-13.000000,142.000000,0.000000,0.000000
2014-03-16T19:02:32Z,42.406142,-71.061854,-13.000000,82.000000,0.000000,0.000000
2014-03-16T19:02:35Z,42.406142,-71.061854,-13.000000,67.000000,0.000000,0.000000
2014-03-16T19:02:38Z,42.406142,-71.061854,-13.000000,59.000000,0.000000,0.000000
2014-03-16T19:02:41Z,42.406142,-71.061854,-13.000000,68.000000,0.000000,0.000000
2014-03-16T19:02:44Z,42.406142,-71.061854,-13.000000,73.000000,0.000000,0.000000
2014-03-16T19:02:48Z,42.406142,-71.061854,-13.000000,94.000000,0.000000,0.000000
2014-03-16T19:02:52Z,42.406142,-71.061854,-13.000000,71.000000,0.000000,0.000000
2014-03-16T19:02:55Z,42.406142,-71.061854,-13.000000,49.000000,0.000000,0.000000
2014-03-16T19:02:57Z,42.406142,-71.061854,-13.000000,43.000000,0.000000,0.000000
2014-03-16T19:03:00Z,42.406142,-71.061855,-13.000000,43.000000,0.000000,0.000000
2014-03-16T19:03:03Z,42.406142,-71.061855,-13.000000,46.000000,0.000000,0.000000
2014-03-16T19:03:06Z,42.406142,-71.061855,-13.000000,52.000000,0.000000,0.000000
2014-03-16T19:03:10Z,42.406142,-71.061855,-13.000000,84.000000,0.000000,0.000000
2014-03-16T19:03:15Z,42.406143,-71.061855,-13.000000,99.000000,0.000000,0.000000
2014-03-16T19:03:19Z,42.406143,-71.061855,-13.000000,92.000000,0.000000,0.000000
2014-03-16T19:03:23Z,42.406143,-71.061855,-13.000000,76.000000,0.000000,0.000000
2014-03-16T19:03:27Z,42.406143,-71.061855,-13.000000,63.000000,0.000000,0.000000
2014-03-16T19:03:33Z,42.406143,-71.061855,-13.000000,89.000000,0.000000,0.000000
2014-03-16T19:03:38Z,42.406143,-71.061855,-13.000000,87.000000,0.000000,0.000000
2014-03-16T19:03:41Z,42.406143,-71.061855,-13.000000,42.000000,0.000000,0.000000
2014-03-16T19:03:43Z,42.406143,-71.061855,-13.000000,37.000000,0.000000,0.000000
2014-03-16T19:03:47Z,42.406143,-71.061855,-13.000000,59.000000,0.000000,0.000000
2014-03-16T19:03:51Z,42.406143,-71.061855,-13.000000,56.000000,0.000000,0.000000
2014-03-16T19:03:54Z,42.406143,-71.061855,-13.000000,41.000000,0.000000,0.000000
2014-03-16T19:03:56Z,42.406143,-71.061855,-13.000000,38.000000,0.000000,0.000000
2014-03-16T19:03:59Z,42.406143,-71.061855,-13.000000,50.000000,0.000000,0.000000
2014-03-16T19:04:02Z,42.406143,-71.061855,-13.000000,53.000000,0.000000,0.000000
2014-03-16T19:04:05Z,42.406143,-71.061855,-13.000000,45.000000,0.000000,0.000000
2014-03-16T19:04:08Z,42.406143,-71.061855,-13.000000,45.000000,0.000000,0.000000
2014-03-16T19:04:11Z,42.406143,-71.061855,-13.000000,48.000000,0.000000,0.000000
2014-03-16T19:04:15Z,42.406143,-71.061855,-13.000000,42.000000,0.000000,0.000000
2014-03-16T19:04:17Z,42.406143,-71.061855,-13.000000,39.000000,0.000000,0.000000
2014-03-16T19:04:20Z,42.406143,-71.061855,-13.000000,53.000000,0.000000,0.000000
2014-03-16T19:04:24Z,42.406143,-71.061855,-13.000000,82.000000,0.000000,0.000000
2014-03-16T19:04:27Z,42.406143,-71.061855,-13.000000,71.000000,0.000000,0.000000
2014-03-16T19:04:30Z,42.406143,-71.061855,-13.000000,55.000000,0.000000,0.000000
2014-03-16T19:04:33Z,42.406143,-71.061855,-13.000000,55.000000,0.000000,0.000000
2014-03-16T19:04:36Z,42.406143,-71.061855,-13.000000,64.000000,0.000000,0.000000
2014-03-16T19:04:39Z,42.406143,-71.061856,-13.000000,68.000000,0.000000,0.000000
2014-03-16T19:04:42Z,42.406143,-71.061856,-13.000000,57.000000,0.000000,0.000000
2014-03-16T19:04:45Z,42.406143,-71.061856,-13.000000,43.000000,0.000000,0.000000
2014-03-16T19:04:48Z,42.406143,-71.061856,-13.000000,48.000000,0.000000,0.000000
2014-03-16T19:04:52Z,42.406143,-71.061856,-13.000000,64.000000,0.000000,0.000000
2014-03-16T19:04:55Z,42.406143,-71.061856,-13.000000,63.000000,0.000000,0.000000
2014-03-16T19:04:59Z,42.406143,-71.061856,-13.000000,80.000000,0.000000,0.000000
2014-03-16T19:05:03Z,42.406143,-71.061856,-13.000000,97.000000,0.000000,0.000000
2014-03-16T19:05:07Z,42.406143,-71.061856,-13.000000,71.000000,0.000000,0.000000
2014-03-16T19:05:10Z,42.406143,-71.061856,-13.000000,54.000000,0.000000,0.000000
2014-03-16T19:05:13Z,42.406143,-71.061856,-13.000000,48.000000,0.000000,0.000000
2014-03-16T19:05:16Z,42.406143,-71.061856,-13.000000,55.000000,0.000000,0.000000
2014-03-16T19:05:19Z,42.406143,-71.061856,-13.000000,51.000000,0.000000,0.000000
2014-03-16T19:05:22Z,42.406143,-71.061856,-13.000000,53.000000,0.000000,0.000000
2014-03-16T19:05:26Z,42.406143,-71.061856,-13.000000,97.000000,0.000000,0.000000
2014-03-16T19:05:31Z,42.406144,-71.061856,-13.000000,91.000000,0.000000,0.000000
2014-03-16T19:05:34Z,42.406144,-71.061856,-13.000000,65.000000,0.000000,0.000000
2014-03-16T19:05:37Z,42.406144,-71.061856,-13.000000,55.000000,0.000000,0.000000
2014-03-16T19:05:40Z,42.406144,-71.061856,-13.000000,53.000000,0.000000,0.000000
2014-03-16T19:05:43Z,42.406144,-71.061856,-13.000000,65.000000,0.000000,0.000000
2014-03-16T19:05:47Z,42.406144,-71.061856,-13.000000,58.000000,0.000000,0.000000
2014-03-16T19:05:50Z,42.406144,-71.061856,-13.000000,55.000000,0.000000,0.000000
2014-03-16T19:05:53Z,42.406144,-71.061856,-13.000000,50.000000,0.000000,0.000000
2014-03-16T19:05:56Z,42.406144,-71.061856,-13.000000,57.000000,0.000000,0.000000
2014-03-16T19:05:59Z,42.406144,-71.061856,-13.000000,64.000000,0.000000,0.000000
2014-03-16T19:06:02Z,42.406144,-71.061856,-13.000000,67.000000,0.000000,0.000000
2014-03-16T19:06:06Z,42.406144,-71.061856,-13.000000,73.000000,0.000000,0.000000
2014-03-16T19:06:09Z,42.406144,-71.061856,-13.000000,71.000000,0.000000,0.000000
2014-03-16T19:06:13Z,42.406144,-71.061856,-13.000000,92.000000,0.000000,0.000000
2014-03-16T19:06:18Z,42.406144,-71.061856,-13.000000,111.000000,0.000000,0.000000
2014-03-16T19:06:22Z,42.406144,-71.061856,-13.000000,97.000000,0.000000,0.000000
2014-03-16T19:06:26Z,42.406144,-71.061856,-13.000000,84.000000,0.000000,0.000000
2014-03-16T19:06:29Z,42.406144,-71.061856,-13.000000,63.000000,0.000000,0.000000
2014-03-16T19:06:32Z,42.406144,-71.061856,-13.000000,51.000000,0.000000,0.000000
2014-03-16T19:06:34Z,42.406144,-71.061856,-13.000000,43.000000,0.000000,0.000000
2014-03-16T19:06:36Z,42.406144,-71.061857,-13.000000,37.000000,0.000000,0.000000
2014-03-16T19:06:39Z,42.406145,-71.061857,-13.000000,47.000000,0.000000,0.000000
2014-03-16T19:06:41Z,42.406145,-71.061857,-13.000000,36.000000,0.000000,0.000000
2014-03-16T19:06:43Z,42.406144,-71.061857,-13.000000,29.000000,0.000000,0.000000
2014-03-16T19:06:44Z,42.406144,-71.061857,-13.000000,26.000000,0.000000,0.000000
2014-03-16T19:06:47Z,42.406144,-71.061857,-13.000000,40.000000,0.000000,0.000000
2014-03-16T19:06:49Z,42.406144,-71.061857,-13.000000,37.000000,0.000000,0.000000
2014-03-16T19:06:51Z,42.406144,-71.061857,-13.000000,20.000000,0.000000,0.000000
2014-03-16T19:06:52Z,42.406144,-71.061857,-13.000000,17.000000,0.000000,0.000000
2014-03-16T19:06:54Z,42.406144,-71.061857,-13.000000,10.000000,0.000000,0.000000
2014-03-16T19:06:55Z,42.406144,-71.061857,-13.000000,9.000000,0.000000,0.000000
2014-03-16T19:06:57Z,42.406143,-71.061857,-13.000000,10.000000,0.000000,0.000000
2014-03-16T19:06:58Z,42.406142,-71.061856,-13.000000,7.000000,0.000000,0.000000
2014-03-16T19:07:00Z,42.406140,-71.061855,-13.100000,9.000000,0.000000,0.000000
2014-03-16T19:07:02Z,42.406133,-71.061848,-13.000000,7.000000,142.699997,1.250000
2014-03-16T19:07:03Z,42.406038,-71.061789,-11.800000,6.000000,154.800003,2.750000
2014-03-16T19:07:04Z,42.406002,-71.061743,-10.800000,6.000000,146.000000,3.000000
2014-03-16T19:07:05Z,42.405980,-71.061723,-10.800000,6.000000,148.000000,2.500000
2014-03-16T19:07:06Z,42.405945,-71.061694,-10.700000,9.000000,149.100006,3.000000
2014-03-16T19:07:08Z,42.405916,-71.061642,-7.600000,8.000000,146.699997,2.500000
2014-03-16T19:07:10Z,42.405900,-71.061622,-6.700000,8.000000,148.600006,2.000000
2014-03-16T19:07:11Z,42.405890,-71.061620,-6.000000,11.000000,158.199997,1.250000
2014-03-16T19:07:13Z,42.405877,-71.061612,-6.000000,16.000000,164.100006,1.250000
2014-03-16T19:07:16Z,42.405855,-71.061610,-5.900000,23.000000,169.600006,1.250000
2014-03-16T19:07:19Z,42.405840,-71.061622,-6.400000,22.000000,180.199997,1.000000
2014-03-16T19:07:20Z,42.405840,-71.061636,-6.400000,24.000000,195.699997,0.750000
2014-03-16T19:07:22Z,42.405866,-71.061659,-6.900000,15.000000,0.000000,0.000000
2014-03-16T19:07:23Z,42.405872,-71.061664,-7.000000,13.000000,206.100006,0.250000
2014-03-16T19:07:24Z,42.405874,-71.061668,-7.000000,11.000000,206.100006,0.250000
2014-03-16T19:07:27Z,42.405961,-71.061657,-6.900000,7.000000,0.000000,0.000000
2014-03-16T19:07:29Z,42.405985,-71.061652,-7.900000,6.000000,0.000000,0.000000
2014-03-16T19:07:30Z,42.405997,-71.061646,-7.700000,6.000000,0.000000,0.000000
2014-03-16T19:07:31Z,42.406002,-71.061645,-7.700000,6.000000,0.000000,0.000000
2014-03-16T19:07:32Z,42.406002,-71.061645,-7.800000,5.000000,0.000000,0.000000
2014-03-16T19:07:34Z,42.405999,-71.061645,-9.100000,7.000000,0.000000,0.000000
2014-03-16T19:07:36Z,42.405998,-71.061645,-8.800000,10.000000,0.000000,0.000000
2014-03-16T19:07:37Z,42.405997,-71.061645,-8.800000,14.000000,0.000000,0.000000
2014-03-16T19:07:39Z,42.405997,-71.061644,-8.900000,16.000000,0.000000,0.000000
2014-03-16T19:07:40Z,42.405997,-71.061644,-8.900000,22.000000,0.000000,0.000000
2014-03-16T19:07:43Z,42.405998,-71.061645,-8.900000,15.000000,0.000000,0.000000
2014-03-16T19:07:44Z,42.405999,-71.061646,-8.500000,13.000000,0.000000,0.000000
2014-03-16T19:07:46Z,42.405995,-71.061645,-8.900000,10.000000,0.000000,0.000000
2014-03-16T19:07:47Z,42.405992,-71.061646,-9.100000,9.000000,0.000000,0.000000
2014-03-16T19:07:49Z,42.405989,-71.061647,-8.800000,8.000000,0.000000,0.000000
2014-03-16T19:07:51Z,42.405986,-71.061647,-9.300000,8.000000,0.000000,0.000000
2014-03-16T19:07:52Z,42.405985,-71.061647,-9.300000,8.000000,0.000000,0.000000
2014-03-16T19:07:54Z,42.405985,-71.061647,-9.300000,6.000000,0.000000,0.000000
2014-03-16T19:07:55Z,42.405985,-71.061647,-9.400000,6.000000,0.000000,0.000000
2014-03-16T19:07:56Z,42.405984,-71.061647,-9.400000,6.000000,0.000000,0.000000
2014-03-16T19:07:58Z,42.405990,-71.061625,-9.400000,7.000000,69.800003,1.000000
2014-03-16T19:08:00Z,42.405967,-71.061600,-21.100000,8.000000,112.699997,1.250000
2014-03-16T19:08:01Z,42.405957,-71.061592,-21.900000,8.000000,120.400002,1.000000
2014-03-16T19:08:02Z,42.405953,-71.061591,-20.100000,6.000000,120.400002,0.500000
2014-03-16T19:08:04Z,42.405963,-71.061600,-20.799999,5.000000,341.600006,0.750000
2014-03-16T19:08:05Z,42.405972,-71.061607,-20.900000,6.000000,341.100006,1.000000
2014-03-16T19:08:06Z,42.405968,-71.061612,-20.900000,6.000000,0.000000,0.000000
2014-03-16T19:08:07Z,42.405963,-71.061613,-20.900000,4.000000,0.000000,0.000000
2014-03-16T19:08:09Z,42.405958,-71.061614,-21.100000,5.000000,0.000000,0.000000
2014-03-16T19:08:11Z,42.405957,-71.061613,-20.799999,4.000000,0.000000,0.000000
2014-03-16T19:08:12Z,42.405957,-71.061613,-20.799999,4.000000,0.000000,0.000000
2014-03-16T19:08:13Z,42.405956,-71.061613,-20.799999,4.000000,0.000000,0.000000
2014-03-16T19:08:15Z,42.405954,-71.061614,-20.500000,4.000000,0.000000,0.000000
2014-03-16T19:08:16Z,42.405954,-71.061615,-20.500000,4.000000,0.000000,0.000000
2014-03-16T19:08:18Z,42.405954,-71.061616,-20.700001,3.000000,0.000000,0.000000
2014-03-16T19:08:19Z,42.405955,-71.061616,-20.700001,3.000000,0.000000,0.000000
2014-03-16T19:08:20Z,42.405955,-71.061616,-20.700001,3.000000,0.000000,0.000000
2014-03-16T19:08:22Z,42.405955,-71.061616,-20.700001,3.000000,0.000000,0.000000
2014-03-16T19:08:24Z,42.405955,-71.061615,-20.600000,3.000000,0.000000,0.000000
2014-03-16T19:08:25Z,42.405955,-71.061615,-20.600000,3.000000,0.000000,0.000000
2014-03-16T19:08:26Z,42.405955,-71.061615,-20.600000,3.000000,0.000000,0.000000
2014-03-16T19:08:27Z,42.405955,-71.061615,-20.600000,3.000000,0.000000,0.000000
2014-03-16T19:08:29Z,42.405955,-71.061615,-20.600000,3.000000,0.000000,0.000000
2014-03-16T19:08:30Z,42.405955,-71.061615,-20.600000,4.000000,0.000000,0.000000
2014-03-16T19:08:32Z,42.405955,-71.061615,-20.600000,7.000000,0.000000,0.000000
2014-03-16T19:08:34Z,42.405955,-71.061615,-20.600000,9.000000,0.000000,0.000000
2014-03-16T19:08:34Z,42.405955,-71.061615,-20.600000,9.000000,0.000000,0.000000
2014-03-16T19:08:36Z,42.405955,-71.061615,-20.600000,11.000000,0.000000,0.000000
2014-03-16T19:08:38Z,42.405955,-71.061615,-20.600000,11.000000,0.000000,0.000000
